Kod;Jednostka terytorialna;ogó³em;mê¿czyŸni;kobiety
201011;Boles³awiec * (1);40209;19023;21186
201022;Boles³awiec * (2);13594;6762;6832
201032;Gromadka * (2);5523;2758;2765
201043;Nowogrodziec * (3);15232;7480;7752
201052;Osiecznica * (2);7585;3824;3761
201062;Warta Boles³awiecka * (2);8327;4156;4171
202011;Bielawa * (1);31699;14747;16952
202021;Dzier¿oniów * (1);34951;16374;18577
202031;Pieszyce * (1);9689;4641;5048
202041;Pi³awa Górna * (1);6805;3257;3548
202052;Dzier¿oniów * (2);9396;4663;4733
202062;£agiewniki * (2);7592;3699;3893
202073;Niemcza * (3);5886;2893;2993
203011;G³ogów * (1);69608;33709;35899
203022;G³ogów * (2);6223;3092;3131
203032;Jerzmanowa * (2);4185;2090;2095
203042;Kotla * (2);4315;2142;2173
203052;Pêc³aw * (2);2363;1197;1166
203062;¯ukowice * (2);3619;1865;1754
204013;Góra * (3);20963;10308;10655
204022;Jemielno * (2);3174;1583;1591
204032;Niechlów * (2);5182;2594;2588
204043;W¹sosz * (3);7498;3750;3748
205011;Jawor * (1);24340;11699;12641
205023;Bolków * (3);11162;5515;5647
205032;Mêcinka * (2);4953;2477;2476
205042;Mœciwojów * (2);4206;2086;2120
205052;Paszowice * (2);3978;2051;1927
205062;W¹dro¿e Wielkie * (2);4095;2054;2041
206011;Karpacz * (1);5026;2353;2673
206021;Kowary * (1);11784;5561;6223
206031;Piechowice * (1);6565;3138;3427
206041;Szklarska Porêba * (1);7002;3286;3716
206052;Janowice Wielkie * (2);4276;2162;2114
206062;Je¿ów Sudecki * (2);6777;3296;3481
206072;Mys³akowice * (2);10197;4945;5252
206082;Podgórzyn * (2);8120;3985;4135
206092;Stara Kamienica * (2);5387;2662;2725
207011;Kamienna Góra * (1);20734;9981;10753
207022;Kamienna Góra * (2);8910;4449;4461
207033;Lubawka * (3);11602;5674;5928
207042;Marciszów * (2);4713;2353;2360
208011;Duszniki-Zdrój * (1);5029;2355;2674
208021;K³odzko * (1);28750;13531;15219
208031;Kudowa-Zdrój * (1);10429;4952;5477
208041;Nowa Ruda * (1);23896;11467;12429
208051;Polanica-Zdrój * (1);6799;3093;3706
208063;Bystrzyca K³odzka * (3);19823;9576;10247
208072;K³odzko * (2);17228;8501;8727
208083;L¹dek-Zdrój * (3);8820;4177;4643
208092;Lewin K³odzki * (2);1983;944;1039
208103;Miêdzylesie * (3);7594;3804;3790
208112;Nowa Ruda * (2);12272;6063;6209
208123;Radków * (3);9460;4760;4700
208133;Stronie Œl¹skie * (3);7833;3771;4062
208143;Szczytna * (3);7477;3750;3727
209011;Chojnów * (1);14367;6858;7509
209022;Chojnów * (2);9466;4771;4695
209032;Krotoszyce * (2);3182;1574;1608
209042;Kunice * (2);5903;2906;2997
209052;Legnickie Pole * (2);5127;2332;2795
209062;Mi³kowice * (2);6290;3093;3197
209073;Prochowice * (3);7566;3759;3807
209082;Ruja * (2);2726;1377;1349
210011;Lubañ * (1);22300;10548;11752
210021;Œwieradów-Zdrój * (1);4498;2100;2398
210033;Leœna * (3);10566;5231;5335
210042;Lubañ * (2);6515;3277;3238
210053;Olszyna * (3);6707;3312;3395
210062;Platerówka * (2);1665;843;822
210072;Siekierczyn * (2);4609;2266;2343
211011;Lubin * (1);75357;36290;39067
211022;Lubin * (2);13448;6784;6664
211032;Rudna * (2);7548;3740;3808
211043;Œcinawa * (3);10520;5241;5279
212013;Gryfów Œl¹ski * (3);10249;4947;5302
212023;Lubomierz * (3);6212;3074;3138
212033;Lwówek Œl¹ski * (3);18097;8819;9278
212043;Mirsk * (3);9008;4346;4662
212053;Wleñ * (3);4453;2218;2235
213012;Cieszków * (2);4714;2341;2373
213022;Kroœnice * (2);8227;4129;4098
213033;Milicz * (3);24565;12059;12506
214011;Oleœnica * (1);37118;17760;19358
214023;Bierutów * (3);10292;5028;5264
214032;Dobroszyce * (2);6336;3168;3168
214042;Dziadowa K³oda * (2);4617;2300;2317
214053;Miêdzybórz * (3);5125;2529;2596
214062;Oleœnica * (2);12342;6333;6009
214073;Syców * (3);16456;7990;8466
214083;Twardogóra * (3);13023;6467;6556
215011;O³awa * (1);31847;15360;16487
215022;Domaniów * (2);5372;2656;2716
215033;Jelcz-Laskowice * (3);22828;11318;11510
215042;O³awa * (2);14753;7298;7455
216013;Chocianów * (3);13088;6485;6603
216022;Gaworzyce * (2);3930;1966;1964
216032;Grêbocice * (2);5300;2690;2610
216043;Polkowice * (3);27163;13361;13802
216053;Przemków * (3);8868;4377;4491
216062;Radwanice * (2);4628;2348;2280
217012;Borów * (2);5270;2629;2641
217022;Kondratowice * (2);4594;2308;2286
217032;Przeworno * (2);5122;2579;2543
217043;Strzelin * (3);22216;10832;11384
217053;Wi¹zów * (3);7518;3726;3792
218012;Kostom³oty * (2);7160;3585;3575
218022;Malczyce * (2);6100;3011;3089
218032;Miêkinia * (2);13338;6593;6745
218043;Œroda Œl¹ska * (3);19512;9532;9980
218052;Udanin * (2);5486;2734;2752
219011;Œwidnica * (1);60437;28816;31621
219021;Œwiebodzice * (1);23292;11040;12252
219032;Dobromierz * (2);5418;2711;2707
219043;Jaworzyna Œl¹ska * (3);10413;4998;5415
219052;Marcinowice * (2);6499;3203;3296
219063;Strzegom * (3);27106;13237;13869
219072;Œwidnica * (2);16374;8121;8253
219083;¯arów * (3);12646;6199;6447
220013;Oborniki Œl¹skie * (3);19190;9388;9802
220023;Prusice * (3);9370;4704;4666
220033;Trzebnica * (3);22969;11145;11824
220042;Wisznia Ma³a * (2);9319;4530;4789
220052;Zawonia * (2);5697;2878;2819
220063;¯migród * (3);15041;7447;7594
221011;Boguszów-Gorce * (1);16590;8024;8566
221021;Jedlina-Zdrój * (1);5082;2393;2689
221031;Szczawno-Zdrój * (1);5926;2797;3129
221042;Czarny Bór * (2);4841;2392;2449
221053;G³uszyca * (3);9176;4373;4803
221063;Mieroszów * (3);7377;3526;3851
221072;Stare Bogaczowice * (2);4253;2094;2159
221082;Walim * (2);5752;2827;2925
221091;Wa³brzych * (1);120715;57005;63710
222013;Brzeg Dolny * (3);16266;7867;8399
222022;Wiñsko * (2);8677;4261;4416
222033;Wo³ów * (3);22930;11282;11648
223012;Czernica * (2);11820;5840;5980
223022;D³ugo³êka * (2);24152;12004;12148
223032;Jordanów Œl¹ski * (2);3113;1560;1553
223043;K¹ty Wroc³awskie * (3);21144;10406;10738
223052;Kobierzyce * (2);16912;8201;8711
223062;Mietków * (2);3838;1910;1928
223073;Sobótka * (3);12728;6199;6529
223083;Siechnice * (3);16391;7894;8497
223092;¯órawina * (2);9267;4606;4661
224013;Bardo * (3);5559;2695;2864
224022;Ciep³owody * (2);3136;1552;1584
224032;Kamieniec Z¹bkowicki * (2);8610;4234;4376
224042;Stoszowice * (2);5547;2728;2819
224053;Z¹bkowice Œl¹skie * (3);23099;11040;12059
224063;Ziêbice * (3);18215;8893;9322
224073;Z³oty Stok * (3);4827;2348;2479
225011;Zawidów * (1);4384;2106;2278
225021;Zgorzelec * (1);32525;15448;17077
225033;Bogatynia * (3);25009;12301;12708
225043;Pieñsk * (3);9361;4665;4696
225052;Sulików * (2);6154;3095;3059
225063;Wêgliniec * (3);8841;4384;4457
225072;Zgorzelec * (2);8227;4123;4104
226011;Wojcieszów * (1);3913;1901;2012
226021;Z³otoryja * (1);16539;7897;8642
226032;Pielgrzymka * (2);4697;2381;2316
226043;Œwierzawa * (3);7816;3884;3932
226052;Zagrodno * (2);5590;2797;2793
226062;Z³otoryja * (2);7117;3525;3592
261011;Jelenia Góra * (1);83860;39137;44723
262011;Legnica * (1);103238;48922;54316
264011;Wroc³aw * (1);630131;294251;335880
401011;Aleksandrów Kujawski * (1);12614;6023;6591
401021;Ciechocinek * (1);10921;4931;5990
401031;Nieszawa * (1);2009;970;1039
401042;Aleksandrów Kujawski * (2);11438;5668;5770
401052;B¹dkowo * (2);4502;2249;2253
401062;Koneck * (2);3354;1691;1663
401072;Raci¹¿ek * (2);3179;1630;1549
401082;Waganiec * (2);4568;2275;2293
401092;Zakrzewo * (2);3674;1839;1835
402011;Brodnica * (1);28416;13522;14894
402022;Bobrowo * (2);6260;3187;3073
402032;Brodnica * (2);7323;3745;3578
402042;Brzozie * (2);3738;1939;1799
402053;Górzno * (3);3953;1972;1981
402062;Bartniczka * (2);4728;2392;2336
402073;Jab³onowo Pomorskie * (3);9110;4485;4625
402082;Osiek * (2);4119;2066;2053
402092;Œwiedziebnia * (2);5195;2642;2553
402102;Zbiczno * (2);4687;2399;2288
403012;Bia³e B³ota * (2);17579;8713;8866
403022;D¹browa Che³miñska * (2);7763;3905;3858
403032;Dobrcz * (2);10243;5117;5126
403043;Koronowo * (3);24022;11896;12126
403052;Nowa Wieœ Wielka * (2);9210;4510;4700
403062;Osielsko * (2);11308;5629;5679
403072;Sicienko * (2);9546;4875;4671
403083;Solec Kujawski * (3);16688;8133;8555
404011;Che³mno * (1);20934;9991;10943
404022;Che³mno * (2);5496;2798;2698
404032;Kijewo Królewskie * (2);4401;2180;2221
404042;Lisewo * (2);5274;2590;2684
404052;Papowo Biskupie * (2);4456;2248;2208
404062;Stolno * (2);5167;2630;2537
404072;Unis³aw * (2);6979;3409;3570
405011;Golub-Dobrzyñ * (1);12959;6208;6751
405022;Ciechocin * (2);4019;2021;1998
405032;Golub-Dobrzyñ * (2);8342;4209;4133
405043;Kowalewo Pomorskie * (3);11573;5735;5838
405052;Radomin * (2);4030;2019;2011
405062;Zbójno * (2);4424;2261;2163
406012;Grudzi¹dz * (2);11719;5885;5834
406022;Gruta * (2);6536;3301;3235
406033;£asin * (3);8382;4142;4240
406043;Radzyñ Che³miñski * (3);4938;2485;2453
406052;RogóŸno * (2);4186;2140;2046
406062;Œwiecie nad Os¹ * (2);4397;2247;2150
407011;Inowroc³aw * (1);76087;36111;39976
407022;D¹browa Biskupia * (2);5140;2554;2586
407033;Gniewkowo * (3);15015;7436;7579
407042;Inowroc³aw * (2);11307;5629;5678
407053;Janikowo * (3);13652;6709;6943
407063;Kruszwica * (3);20077;9851;10226
407073;Pakoœæ * (3);10008;4875;5133
407082;Rojewo * (2);4756;2377;2379
407092;Z³otniki Kujawskie * (2);9165;4608;4557
408011;Lipno * (1);15080;7282;7798
408022;Bobrowniki * (2);3117;1583;1534
408032;Chrostkowo * (2);3059;1553;1506
408043;Dobrzyñ nad Wis³¹ * (3);8033;4028;4005
408052;Kikó³ * (2);7327;3719;3608
408062;Lipno * (2);11646;5767;5879
408073;Skêpe * (3);7833;3851;3982
408082;T³uchowo * (2);4722;2370;2352
408092;Wielgie * (2);6804;3390;3414
409012;D¹browa * (2);4747;2358;2389
409022;Jeziora Wielkie * (2);5082;2476;2606
409033;Mogilno * (3);25105;12329;12776
409043;Strzelno * (3);12090;5901;6189
410013;Kcynia * (3);13704;6898;6806
410023;Mrocza * (3);9310;4726;4584
410033;Nak³o nad Noteci¹ * (3);32678;15864;16814
410042;Sadki * (2);7279;3664;3615
410053;Szubin * (3);23895;11876;12019
411011;Radziejów * (1);5944;2847;3097
411022;Bytoñ * (2);3668;1846;1822
411032;Dobre * (2);5574;2755;2819
411042;Osiêciny * (2);8088;3969;4119
411053;Piotrków Kujawski * (3);9649;4791;4858
411062;Radziejów * (2);4476;2210;2266
411072;Topólka * (2);5024;2561;2463
412011;Rypin * (1);16902;8095;8807
412022;Brzuze * (2);5385;2675;2710
412032;Rogowo * (2);4855;2445;2410
412042;Rypin * (2);7377;3811;3566
412052;Skrwilno * (2);6243;3090;3153
412062;W¹pielsk * (2);4130;2062;2068
413013;Kamieñ Krajeñski * (3);7032;3566;3466
413023;Sêpólno Krajeñskie * (3);16142;7894;8248
413032;Soœno * (2);5157;2674;2483
413043;Wiêcbork * (3);13380;6666;6714
414012;Bukowiec * (2);5192;2607;2585
414022;Dragacz * (2);7145;3577;3568
414032;Drzycim * (2);5045;2555;2490
414042;Je¿ewo * (2);7939;4013;3926
414052;Lniano * (2);4219;2062;2157
414063;Nowe * (3);10841;5356;5485
414072;Osie * (2);5413;2693;2720
414082;Pruszcz * (2);9579;4697;4882
414093;Œwiecie * (3);34313;16537;17776
414102;Œwiekatowo * (2);3526;1791;1735
414112;Warlubie * (2);6643;3318;3325
415011;Che³m¿a * (1);15250;7291;7959
415022;Che³m¿a * (2);9638;4825;4813
415032;Czernikowo * (2);8880;4340;4540
415042;Lubicz * (2);18471;9132;9339
415052;£ubianka * (2);6316;3150;3166
415062;£ysomice * (2);9080;4519;4561
415072;Obrowo * (2);12769;6320;6449
415082;Wielka Nieszawka * (2);4644;2290;2354
415092;Z³awieœ Wielka * (2);12617;6298;6319
416012;Cekcyn * (2);6573;3277;3296
416022;Gostycyn * (2);5259;2639;2620
416032;Kêsowo * (2);4486;2278;2208
416042;Lubiewo * (2);5825;2966;2859
416052;Œliwice * (2);5591;2846;2745
416063;Tuchola * (3);20373;9960;10413
417011;W¹brzeŸno * (1);14242;6768;7474
417022;Dêbowa £¹ka * (2);3243;1640;1603
417032;Ksi¹¿ki * (2);4279;2157;2122
417042;P³u¿nica * (2);4945;2508;2437
417052;W¹brzeŸno * (2);8562;4283;4279
418011;Kowal * (1);3535;1752;1783
418022;Baruchowo * (2);3584;1790;1794
418032;Boniewo * (2);3578;1788;1790
418043;Brzeœæ Kujawski * (3);11588;5651;5937
418052;Choceñ * (2);8125;4058;4067
418063;Chodecz * (3);6292;3142;3150
418072;Fabianki * (2);9424;4708;4716
418083;Izbica Kujawska * (3);7968;3925;4043
418092;Kowal * (2);3995;2041;1954
418102;Lubanie * (2);4678;2314;2364
418113;Lubieñ Kujawski * (3);7597;3815;3782
418123;Lubraniec * (3);9956;4891;5065
418132;W³oc³awek * (2);6925;3467;3458
419013;Barcin * (3);15068;7481;7587
419022;G¹sawa * (2);5273;2618;2655
419033;Janowiec Wielkopolski * (3);9342;4643;4699
419043;£abiszyn * (3);9714;4905;4809
419052;Rogowo * (2);6945;3450;3495
419063;¯nin * (3);24659;12095;12564
461011;Bydgoszcz * (1);363926;171278;192648
462011;Grudzi¹dz * (1);98725;47095;51630
463011;Toruñ * (1);204954;95319;109635
464011;W³oc³awek * (1);116783;55166;61617
601011;Miêdzyrzec Podlaski * (1);17321;8429;8892
601021;Terespol * (1);5901;2807;3094
601032;Bia³a Podlaska * (2);13427;6722;6705
601042;Drelów * (2);5551;2787;2764
601052;Janów Podlaski * (2);5571;2757;2814
601062;Kodeñ * (2);3825;1848;1977
601072;Konstantynów * (2);4141;2036;2105
601082;Leœna Podlaska * (2);4341;2176;2165
601092;£omazy * (2);5265;2613;2652
601102;Miêdzyrzec Podlaski * (2);10529;5295;5234
601112;Piszczac * (2);7530;3705;3825
601122;Rokitno * (2);3206;1640;1566
601132;Rossosz * (2);2391;1216;1175
601142;S³awatycze * (2);2551;1242;1309
601152;Sosnówka * (2);2664;1333;1331
601162;Terespol * (2);6969;3430;3539
601172;Tuczna * (2);3369;1667;1702
601182;Wisznice * (2);5235;2584;2651
601192;Zalesie * (2);4473;2278;2195
602011;Bi³goraj * (1);27291;13114;14177
602022;Aleksandrów * (2);3266;1630;1636
602032;Bi³goraj * (2);12909;6445;6464
602042;Biszcza * (2);3864;1937;1927
602053;Frampol * (3);6403;3197;3206
602062;Goraj * (2);4339;2164;2175
602073;Józefów * (3);7105;3473;3632
602082;Ksiê¿pol * (2);6872;3444;3428
602092;£ukowa * (2);4349;2147;2202
602102;Obsza * (2);4366;2193;2173
602112;Potok Górny * (2);5567;2781;2786
602123;Tarnogród * (3);6942;3453;3489
602132;Tereszpol * (2);3994;2034;1960
602142;Turobin * (2);6660;3190;3470
603011;Rejowiec Fabryczny * (1);4579;2240;2339
603022;Bia³opole * (2);3211;1612;1599
603032;Che³m * (2);13716;6744;6972
603042;Dorohusk * (2);6856;3364;3492
603052;Dubienka * (2);2511;1242;1269
603062;Kamieñ * (2);4083;2048;2035
603072;Leœniowice * (2);3897;1915;1982
603082;Rejowiec Fabryczny * (2);4479;2152;2327
603092;Ruda-Huta * (2);4794;2403;2391
603102;Sawin * (2);5705;2847;2858
603112;Siedliszcze * (2);7078;3488;3590
603122;Wierzbica * (2);5462;2726;2736
603132;Wojs³awice * (2);4061;1997;2064
603142;¯mudŸ * (2);3303;1631;1672
603152;Rejowiec * (2);6691;3273;3418
604011;Hrubieszów * (1);18850;8938;9912
604022;Do³hobyczów * (2);6034;2989;3045
604032;Horod³o * (2);5633;2759;2874
604042;Hrubieszów * (2);10637;5335;5302
604052;Mircze * (2);7744;3868;3876
604062;Trzeszczany * (2);4661;2296;2365
604072;Uchanie * (2);4973;2485;2488
604082;Werbkowice * (2);10088;4995;5093
605012;Batorz * (2);3485;1755;1730
605022;Chrzanów * (2);3073;1526;1547
605032;Dzwola * (2);6586;3307;3279
605042;Godziszów * (2);6172;3075;3097
605053;Janów Lubelski * (3);16374;8043;8331
605062;Modliborzyce * (2);7271;3608;3663
605072;Potok Wielki * (2);4924;2431;2493
606011;Krasnystaw * (1);19692;9405;10287
606022;Fajs³awice * (2);4850;2374;2476
606032;Gorzków * (2);3790;1768;2022
606042;Izbica * (2);8662;4286;4376
606052;Krasnystaw * (2);8972;4403;4569
606062;Kraœniczyn * (2);4083;2045;2038
606072;£opiennik Górny * (2);4178;2051;2127
606092;Rudnik * (2);3349;1666;1683
606102;Siennica Ró¿ana * (2);4263;2058;2205
606112;¯ó³kiewka * (2);5826;2792;3034
607011;Kraœnik * (1);36370;17301;19069
607023;Annopol * (3);9175;4556;4619
607032;Dzierzkowice * (2);5410;2673;2737
607042;Goœcieradów * (2);7397;3674;3723
607052;Kraœnik * (2);7368;3587;3781
607062;Szastarka * (2);6020;2962;3058
607072;Trzydnik Du¿y * (2);6847;3442;3405
607082;Urzêdów * (2);8884;4357;4527
607092;Wilko³az * (2);5501;2741;2760
607102;Zakrzówek * (2);6851;3362;3489
608011;Lubartów * (1);22773;10858;11915
608022;Abramów * (2);4252;2130;2122
608032;Firlej * (2);6057;2991;3066
608042;Jeziorzany * (2);2992;1483;1509
608052;Kamionka * (2);6439;3156;3283
608063;Kock * (3);6807;3318;3489
608072;Lubartów * (2);10845;5324;5521
608082;Michów * (2);6187;3075;3112
608092;NiedŸwiada * (2);6326;3134;3192
608103;Ostrów Lubelski * (3);5473;2739;2734
608112;Ostrówek * (2);4059;1981;2078
608122;Serniki * (2);4876;2399;2477
608132;Uœcimów * (2);3373;1691;1682
609013;Be³¿yce * (3);13598;6622;6976
609022;Borzechów * (2);3808;1901;1907
609033;Bychawa * (3);12311;6003;6308
609042;Garbów * (2);8965;4372;4593
609052;G³usk * (2);8903;4327;4576
609062;Jab³onna * (2);7878;3837;4041
609072;Jastków * (2);13176;6477;6699
609082;Konopnica * (2);12227;6002;6225
609092;Krzczonów * (2);4730;2283;2447
609102;Niedrzwica Du¿a * (2);11435;5600;5835
609112;Niemce * (2);17727;8726;9001
609122;Strzy¿ewice * (2);7681;3745;3936
609132;Wojciechów * (2);5945;2895;3050
609142;Wólka * (2);10379;5101;5278
609152;Wysokie * (2);4831;2361;2470
609162;Zakrzew * (2);3072;1503;1569
610012;Cyców * (2);7795;3844;3951
610022;Ludwin * (2);5205;2625;2580
610033;£êczna * (3);24592;12070;12522
610042;Milejów * (2);9365;4585;4780
610052;Puchaczów * (2);5214;2518;2696
610062;Spiczyn * (2);5500;2719;2781
611011;£uków * (1);31040;14956;16084
611021;Stoczek £ukowski * (1);2739;1338;1401
611032;Adamów * (2);5901;2923;2978
611042;Krzywda * (2);10688;5366;5322
611052;£uków * (2);17377;8787;8590
611062;Serokomla * (2);4267;2093;2174
611072;Stanin * (2);9882;4982;4900
611082;Stoczek £ukowski * (2);8345;4209;4136
611092;Trzebieszów * (2);7646;3896;3750
611102;Wojcieszków * (2);7105;3573;3532
611112;Wola Mys³owska * (2);5067;2606;2461
612012;Chodel * (2);6844;3419;3425
612022;Józefów nad Wis³¹ * (2);6978;3412;3566
612032;Karczmiska * (2);5834;2898;2936
612042;£aziska * (2);5231;2547;2684
612053;Opole Lubelskie * (3);18049;8775;9274
612063;Poniatowa * (3);15147;7267;7880
612072;Wilków * (2);4816;2403;2413
613012;Dêbowa K³oda * (2);3999;1976;2023
613022;Jab³oñ * (2);4065;2065;2000
613032;Milanów * (2);4077;2042;2035
613043;Parczew * (3);14921;7277;7644
613052;Podedwórze * (2);1769;869;900
613062;Siemieñ * (2);4844;2418;2426
613072;Sosnowica * (2);2755;1373;1382
614011;Pu³awy * (1);49941;23472;26469
614022;Baranów * (2);4128;2014;2114
614032;Janowiec * (2);3678;1831;1847
614043;Kazimierz Dolny * (3);7021;3450;3571
614052;Koñskowola * (2);9073;4451;4622
614062;Kurów * (2);7809;3882;3927
614072;Markuszów * (2);3050;1508;1542
614083;Na³êczów * (3);9332;4388;4944
614092;Pu³awy * (2);11641;5716;5925
614102;W¹wolnica * (2);4869;2419;2450
614112;¯yrzyn * (2);6593;3277;3316
615011;Radzyñ Podlaski * (1);16233;7837;8396
615022;Borki * (2);6141;3082;3059
615032;Czemierniki * (2);4588;2296;2292
615042;K¹kolewnica * (2);8523;4296;4227
615052;Komarówka Podlaska * (2);4576;2295;2281
615062;Radzyñ Podlaski * (2);8057;4055;4002
615072;Ulan-Majorat * (2);6184;3208;2976
615082;Wohyñ * (2);7144;3601;3543
616011;Dêblin * (1);17707;8934;8773
616022;K³oczew * (2);7490;3769;3721
616032;Nowodwór * (2);4277;2184;2093
616043;Ryki * (3);20866;10255;10611
616052;Stê¿yca * (2);5414;2667;2747
616062;U³ê¿ * (2);3383;1689;1694
617011;Œwidnik * (1);40710;19579;21131
617022;Me³giew * (2);8945;4371;4574
617033;Piaski * (3);10768;5157;5611
617042;Rybczewice * (2);3705;1774;1931
617052;Trawniki * (2);9263;4556;4707
618011;Tomaszów Lubelski * (1);20518;9770;10748
618022;Be³¿ec * (2);3480;1762;1718
618032;Jarczów * (2);3636;1811;1825
618042;Krynice * (2);3518;1756;1762
618052;Lubycza Królewska * (2);6646;3321;3325
618063;£aszczów * (3);6518;3183;3335
618072;Rachanie * (2);5514;2768;2746
618082;Susiec * (2);7816;3950;3866
618092;Tarnawatka * (2);4064;2049;2015
618102;Telatyn * (2);4415;2232;2183
618112;Tomaszów Lubelski * (2);11105;5500;5605
618123;Tyszowce * (3);6087;3000;3087
618132;Ulhówek * (2);5100;2530;2570
619011;W³odawa * (1);13798;6647;7151
619022;Hanna * (2);3149;1572;1577
619032;Hañsk * (2);3881;1967;1914
619042;Stary Brus * (2);2180;1109;1071
619052;Urszulin * (2);4139;2078;2061
619062;W³odawa * (2);6049;3054;2995
619072;Wola Uhruska * (2);4114;2027;2087
619082;Wyryki * (2);2778;1380;1398
620012;Adamów * (2);4935;2495;2440
620022;Grabowiec * (2);4435;2200;2235
620032;Komarów-Osada * (2);5380;2658;2722
620043;Krasnobród * (3);7268;3666;3602
620052;£abunie * (2);6370;3141;3229
620062;Mi¹czyn * (2);6214;3059;3155
620072;Nielisz * (2);5833;2849;2984
620082;Radecznica * (2);6096;2984;3112
620092;Sitno * (2);6854;3414;3440
620102;Skierbieszów * (2);5525;2735;2790
620112;Stary Zamoœæ * (2);5444;2697;2747
620122;Su³ów * (2);4877;2357;2520
620133;Szczebrzeszyn * (3);11854;5734;6120
620142;Zamoœæ * (2);21675;10644;11031
620153;Zwierzyniec * (3);7098;3444;3654
661011;Bia³a Podlaska * (1);58009;27860;30149
662011;Che³m * (1);66362;31196;35166
663011;Lublin * (1);349103;160891;188212
664011;Zamoœæ * (1);65966;31169;34797
801011;Kostrzyn nad Odr¹ * (1);18070;8889;9181
801022;Bogdaniec * (2);7030;3457;3573
801032;Deszczno * (2);8448;4217;4231
801042;K³odawa * (2);7506;3733;3773
801052;Lubiszyn * (2);6900;3474;3426
801062;Santok * (2);7871;3953;3918
801073;Witnica * (3);13092;6391;6701
802011;Gubin * (1);17072;8209;8863
802022;Bobrowice * (2);3241;1598;1643
802032;Bytnica * (2);2618;1313;1305
802042;D¹bie * (2);5069;2597;2472
802052;Gubin * (2);7438;3760;3678
802063;Krosno Odrzañskie * (3);18667;9117;9550
802072;Maszewo * (2);2957;1487;1470
803012;Bledzew * (2);4609;2320;2289
803023;Miêdzyrzecz * (3);25231;12319;12912
803032;Przytoczna * (2);5645;2935;2710
803042;Pszczew * (2);4266;2083;2183
803053;Skwierzyna * (3);12687;6158;6529
803063;Trzciel * (3);6500;3268;3232
804011;Nowa Sól * (1);40369;19223;21146
804023;Bytom Odrzañski * (3);5497;2738;2759
804032;Kolsko * (2);3285;1666;1619
804043;Ko¿uchów * (3);16404;7984;8420
804052;Nowa Sól * (2);6705;3318;3387
804063;Nowe Miasteczko * (3);5564;2758;2806
804072;Otyñ * (2);6630;3385;3245
804082;Siedlisko * (2);3629;1808;1821
805013;Cybinka * (3);6775;3411;3364
805022;Górzyca * (2);4275;2151;2124
805033;Oœno Lubuskie * (3);6545;3217;3328
805043;Rzepin * (3);10000;4945;5055
805053;S³ubice * (3);19938;9595;10343
806013;Dobiegniew * (3);6908;3452;3456
806023;Drezdenko * (3);17620;8678;8942
806032;Stare Kurowo * (2);4221;2111;2110
806043;Strzelce Krajeñskie * (3);17513;8561;8952
806052;Zwierzyn * (2);4449;2218;2231
807012;Krzeszyce * (2);4684;2410;2274
807023;Lubniewice * (3);3113;1545;1568
807032;S³oñsk * (2);4846;2450;2396
807043;Sulêcin * (3);16381;8091;8290
807053;Torzym * (3);6951;3444;3507
808012;Lubrza * (2);3514;1819;1695
808022;£agów * (2);5256;2661;2595
808032;Sk¹pe * (2);5199;2627;2572
808042;Szczaniec * (2);3931;1915;2016
808053;Œwiebodzin * (3);30513;14765;15748
808063;Zb¹szynek * (3);8364;4076;4288
809013;Babimost * (3);6323;3126;3197
809022;Bojad³a * (2);3366;1701;1665
809033;Czerwieñsk * (3);9850;4895;4955
809043;Kargowa * (3);5839;2843;2996
809053;Nowogród Bobrzañski * (3);9456;4668;4788
809063;Sulechów * (3);26726;13065;13661
809072;Œwidnica * (2);6155;3069;3086
809082;Trzebiechów * (2);3337;1706;1631
809092;Zabór * (2);3826;1885;1941
809102;Zielona Góra * (2);18497;9163;9334
810011;Gozdnica * (1);3356;1635;1721
810021;¯agañ * (1);26791;12945;13846
810032;BrzeŸnica * (2);3855;1938;1917
810043;I³owa * (3);7137;3458;3679
810053;Ma³omice * (3);5381;2644;2737
810062;Niegos³awice * (2);4660;2316;2344
810073;Szprotawa * (3);21958;10657;11301
810082;Wymiarki * (2);2475;1197;1278
810092;¯agañ * (2);7098;3601;3497
811011;£êknica * (1);2631;1293;1338
811021;¯ary * (1);39365;18665;20700
811032;Brody * (2);3571;1788;1783
811043;Jasieñ * (3);7314;3659;3655
811052;Lipinki £u¿yckie * (2);3269;1610;1659
811063;Lubsko * (3);19369;9473;9896
811072;Przewóz * (2);3258;1617;1641
811082;Trzebiel * (2);5871;2917;2954
811092;Tuplice * (2);3264;1603;1661
811102;¯ary * (2);11984;5925;6059
812013;S³awa * (3);12467;6203;6264
812023;Szlichtyngowa * (3);5131;2566;2565
812033;Wschowa * (3);21751;10696;11055
861011;Gorzów Wielkopolski * (1);124534;59390;65144
862011;Zielona Góra * (1);118982;55963;63019
1001011;Be³chatów * (1);60485;29726;30759
1001022;Be³chatów * (2);10158;5069;5089
1001032;Dru¿bice * (2);5040;2485;2555
1001042;Kleszczów * (2);4735;2357;2378
1001052;Kluki * (2);4175;2031;2144
1001062;Rusiec * (2);5210;2596;2614
1001072;Szczerców * (2);8000;3907;4093
1001083;Zelów * (3);15180;7433;7747
1002011;Kutno * (1);46429;21780;24649
1002022;Bedlno * (2);5917;2974;2943
1002032;D¹browice * (2);2032;979;1053
1002043;Kroœniewice * (3);8917;4340;4577
1002052;Krzy¿anów * (2);4433;2217;2216
1002062;Kutno * (2);8625;4300;4325
1002072;£aniêta * (2);2584;1323;1261
1002082;Nowe Ostrowy * (2);3735;1816;1919
1002092;Oporów * (2);2696;1343;1353
1002102;Strzelce * (2);4115;2028;2087
1002113;¯ychlin * (3);12751;6152;6599
1003012;Buczek * (2);4954;2468;2486
1003023;£ask * (3);28577;13782;14795
1003032;Sêdziejowice * (2);6403;3152;3251
1003042;Widawa * (2);7700;3811;3889
1003052;Wodzierady * (2);3225;1624;1601
1004011;£êczyca * (1);15035;7052;7983
1004022;Daszyna * (2);4097;2014;2083
1004032;Góra Œwiêtej Ma³gorzaty * (2);4496;2214;2282
1004042;Grabów * (2);6357;3198;3159
1004052;£êczyca * (2);8576;4256;4320
1004062;Pi¹tek * (2);6307;3109;3198
1004072;Œwinice Warckie * (2);4105;2055;2050
1004082;Witonia * (2);3474;1734;1740
1005011;£owicz * (1);29880;14126;15754
1005022;Bielawy * (2);5770;2891;2879
1005032;Ch¹œno * (2);3075;1533;1542
1005042;Domaniewice * (2);4643;2284;2359
1005052;Kiernozia * (2);3588;1776;1812
1005062;Kocierzew Po³udniowy * (2);4436;2236;2200
1005072;£owicz * (2);7515;3725;3790
1005082;£yszkowice * (2);6791;3305;3486
1005092;Nieborów * (2);9422;4555;4867
1005102;Zduny * (2);6010;2970;3040
1006022;Andrespol * (2);12696;6029;6667
1006032;Brójce * (2);5996;2964;3032
1006073;Koluszki * (3);23536;11221;12315
1006082;Nowosolna * (2);4241;2079;2162
1006103;Rzgów * (3);9577;4650;4927
1006113;Tuszyn * (3);12015;5819;6196
1007012;Bia³aczów * (2);6019;2973;3046
1007023;Drzewica * (3);10941;5397;5544
1007032;Mniszków * (2);4744;2406;2338
1007043;Opoczno * (3);35492;17454;18038
1007052;Parady¿ * (2);4470;2287;2183
1007062;Poœwiêtne * (2);3320;1691;1629
1007072;S³awno * (2);7534;3767;3767
1007082;¯arnów * (2);6130;3098;3032
1008011;Konstantynów £ódzki * (1);17757;8286;9471
1008021;Pabianice * (1);69177;31858;37319
1008032;D³utów * (2);4309;2161;2148
1008042;Dobroñ * (2);7199;3526;3673
1008052;Ksawerów * (2);7458;3563;3895
1008062;Lutomiersk * (2);7647;3763;3884
1008072;Pabianice * (2);6383;3130;3253
1009013;Dzia³oszyn * (3);12992;6467;6525
1009022;Kie³czyg³ów * (2);4265;2145;2120
1009032;Nowa BrzeŸnica * (2);4804;2401;2403
1009043;Pajêczno * (3);11767;5827;5940
1009052;Rz¹œnia * (2);4867;2414;2453
1009062;Siemkowice * (2);4875;2437;2438
1009072;Strzelce Wielkie * (2);4762;2358;2404
1009082;Sulmierzyce * (2);4601;2270;2331
1010012;Aleksandrów * (2);4423;2178;2245
1010022;Czarnocin * (2);4091;1998;2093
1010032;Gorzkowice * (2);8699;4286;4413
1010042;Grabica * (2);6101;3043;3058
1010052;£êki Szlacheckie * (2);3705;1862;1843
1010062;Moszczenica * (2);12936;6247;6689
1010072;Rêczno * (2);3639;1827;1812
1010082;Rozprza * (2);12183;5946;6237
1010093;Sulejów * (3);16166;8037;8129
1010102;Wola Krzysztoporska * (2);11746;5810;5936
1010113;Wolbórz * (3);7728;3849;3879
1011012;Dalików * (2);3839;1940;1899
1011022;Pêczniew * (2);3579;1781;1798
1011033;Poddêbice * (3);15907;7730;8177
1011043;Uniejów * (3);7283;3574;3709
1011052;Wartkowice * (2);6335;3144;3191
1011062;Zadzim * (2);5211;2657;2554
1012011;Radomsko * (1);48362;22999;25363
1012022;Dobryszyce * (2);4317;2122;2195
1012032;Gidle * (2);6434;3247;3187
1012042;Gomunice * (2);6034;2958;3076
1012053;Kamieñsk * (3);6144;3095;3049
1012062;Kobiele Wielkie * (2);4460;2227;2233
1012072;Kodr¹b * (2);4767;2347;2420
1012082;Lgota Wielka * (2);4381;2155;2226
1012092;£adzice * (2);4899;2530;2369
1012102;Mas³owice * (2);4322;2140;2182
1012113;Przedbórz * (3);7518;3744;3774
1012122;Radomsko * (2);5651;2792;2859
1012132;Wielgom³yny * (2);4864;2481;2383
1012142;¯ytno * (2);5440;2801;2639
1013011;Rawa Mazowiecka * (1);17845;8601;9244
1013023;Bia³a Rawska * (3);11638;5808;5830
1013032;Ciel¹dz * (2);4100;2076;2024
1013042;Rawa Mazowiecka * (2);8637;4266;4371
1013052;Regnów * (2);1859;938;921
1013062;Sadkowice * (2);5695;2902;2793
1014011;Sieradz * (1);43903;20820;23083
1014023;B³aszki * (3);15036;7482;7554
1014032;Br¹szewice * (2);4481;2271;2210
1014042;BrzeŸnio * (2);6310;3173;3137
1014052;Burzenin * (2);5654;2866;2788
1014062;Goszczanów * (2);5723;2915;2808
1014072;Klonowa * (2);3008;1477;1531
1014082;Sieradz * (2);10220;5186;5034
1014093;Warta * (3);12980;6334;6646
1014102;Wróblew * (2);6138;3036;3102
1014113;Z³oczew * (3);7382;3630;3752
1015012;Bolimów * (2);4096;1990;2106
1015022;G³uchów * (2);5943;2930;3013
1015032;Godzianów * (2);2644;1330;1314
1015042;Kowiesy * (2);2997;1491;1506
1015052;Lipce Reymontowskie * (2);3318;1598;1720
1015062;Maków * (2);5989;2985;3004
1015072;Nowy Kawêczyn * (2);3353;1689;1664
1015082;Skierniewice * (2);7234;3593;3641
1015092;S³upia * (2);2688;1340;1348
1016011;Tomaszów Mazowiecki * (1);65998;31064;34934
1016022;Bêdków * (2);3442;1711;1731
1016032;Budziszewice * (2);2260;1130;1130
1016042;Czerniewice * (2);5201;2654;2547
1016052;Inow³ódz * (2);3938;1894;2044
1016062;Lubochnia * (2);7577;3766;3811
1016072;Rokiciny * (2);6112;2953;3159
1016082;Rzeczyca * (2);4869;2515;2354
1016092;Tomaszów Mazowiecki * (2);10510;5156;5354
1016102;Ujazd * (2);7904;3807;4097
1016112;¯elechlinek * (2);3395;1671;1724
1017012;Bia³a * (2);5587;2777;2810
1017022;Czarno¿y³y * (2);4562;2246;2316
1017032;Konopnica * (2);3896;1934;1962
1017042;Mokrsko * (2);5395;2678;2717
1017052;Osjaków * (2);4788;2366;2422
1017062;Ostrówek * (2);4611;2260;2351
1017072;P¹tnów * (2);6556;3224;3332
1017082;Skomlin * (2);3413;1693;1720
1017093;Wieluñ * (3);32799;15677;17122
1017102;Wierzchlas * (2);6590;3293;3297
1018012;Boles³awiec * (2);4099;2064;2035
1018022;Czastary * (2);3981;1988;1993
1018032;Galewice * (2);6244;3102;3142
1018042;Lututów * (2);4685;2330;2355
1018052;£ubnice * (2);4157;2056;2101
1018062;Sokolniki * (2);4895;2424;2471
1018073;Wieruszów * (3);14373;7034;7339
1019011;Zduñska Wola * (1);44213;21018;23195
1019023;Szadek * (3);7375;3634;3741
1019032;Zapolice * (2);4861;2484;2377
1019042;Zduñska Wola * (2);11712;5878;5834
1020011;G³owno * (1);15123;7194;7929
1020021;Ozorków * (1);20507;9570;10937
1020031;Zgierz * (1);58306;27190;31116
1020043;Aleksandrów £ódzki * (3);28670;13720;14950
1020052;G³owno * (2);4884;2451;2433
1020062;Ozorków * (2);6819;3370;3449
1020072;Parzêczew * (2);5127;2649;2478
1020083;Stryków * (3);12284;6036;6248
1020092;Zgierz * (2);12507;6161;6346
1021011;Brzeziny * (1);12543;5943;6600
1021022;Brzeziny * (2);5505;2699;2806
1021032;Dmosin * (2);4605;2262;2343
1021042;Je¿ów * (2);3538;1776;1762
1021052;Rogów * (2);4768;2376;2392
1061011;£ódŸ * (1);728892;331584;397308
1062011;Piotrków Trybunalski * (1);76717;36071;40646
1063011;Skierniewice * (1);48622;23296;25326
1201011;Bochnia * (1);30187;14467;15720
1201022;Bochnia * (2);18803;9235;9568
1201032;Drwinia * (2);6463;3208;3255
1201042;Lipnica Murowana * (2);5552;2819;2733
1201052;£apanów * (2);7720;3886;3834
1201063;Nowy Wiœnicz * (3);13293;6621;6672
1201072;Rzezawa * (2);10956;5433;5523
1201082;Trzciana * (2);5214;2582;2632
1201092;¯egocina * (2);5169;2580;2589
1202012;Borzêcin * (2);8406;4174;4232
1202023;Brzesko * (3);36297;17823;18474
1202033;Czchów * (3);9568;4746;4822
1202042;Dêbno * (2);14318;7073;7245
1202052;Gnojnik * (2);7667;3855;3812
1202062;Iwkowa * (2);6200;3063;3137
1202072;Szczurowa * (2);9769;4885;4884
1203013;Alwernia * (3);12725;6312;6413
1203022;Babice * (2);8958;4391;4567
1203033;Chrzanów * (3);48967;23485;25482
1203043;Libi¹¿ * (3);22816;11158;11658
1203053;Trzebinia * (3);34482;16804;17678
1204012;Boles³aw * (2);2840;1416;1424
1204023;D¹browa Tarnowska * (3);21003;10386;10617
1204032;Grêboszów * (2);3502;1718;1784
1204042;Mêdrzechów * (2);3562;1750;1812
1204052;Olesno * (2);7853;3895;3958
1204062;Radgoszcz * (2);7356;3738;3618
1204073;Szczucin * (3);13379;6664;6715
1205011;Gorlice * (1);28819;13830;14989
1205023;Biecz * (3);17089;8390;8699
1205033;Bobowa * (3);9497;4815;4682
1205042;Gorlice * (2);16917;8458;8459
1205052;Lipinki * (2);6814;3310;3504
1205062;£u¿na * (2);8365;4238;4127
1205072;Moszczenica * (2);4856;2432;2424
1205082;Ropa * (2);5288;2675;2613
1205092;Sêkowa * (2);4891;2444;2447
1205102;Uœcie Gorlickie * (2);6619;3365;3254
1206012;Czernichów * (2);13630;6732;6898
1206022;Igo³omia-Wawrzeñczyce * (2);7759;3838;3921
1206032;Iwanowice * (2);8552;4323;4229
1206042;Jerzmanowice-Przeginia * (2);10630;5243;5387
1206052;Kocmyrzów-Luborzyca * (2);14124;7009;7115
1206063;Krzeszowice * (3);32305;15517;16788
1206072;Liszki * (2);16179;7953;8226
1206082;Micha³owice * (2);9227;4604;4623
1206092;Mogilany * (2);12497;6090;6407
1206103;Ska³a * (3);10052;5047;5005
1206113;Skawina * (3);42679;20677;22002
1206123;S³omniki * (3);13789;6688;7101
1206132;Su³oszowa * (2);5828;2936;2892
1206143;Œwi¹tniki Górne * (3);9291;4605;4686
1206152;Wielka Wieœ * (2);10363;5067;5296
1206162;Zabierzów * (2);24220;11682;12538
1206172;Zielonki * (2);18581;9035;9546
1207011;Limanowa * (1);15146;7420;7726
1207021;Mszana Dolna * (1);7792;3735;4057
1207032;Dobra * (2);9672;4884;4788
1207042;Jod³ownik * (2);8264;4112;4152
1207052;Kamienica * (2);7647;3855;3792
1207062;Laskowa * (2);7810;3931;3879
1207072;Limanowa * (2);24016;12002;12014
1207082;£ukowica * (2);9639;4815;4824
1207092;Mszana Dolna * (2);17054;8721;8333
1207102;NiedŸwiedŸ * (2);7125;3646;3479
1207112;S³opnice * (2);6264;3172;3092
1207122;Tymbark * (2);6387;3153;3234
1208012;Charsznica * (2);7741;3803;3938
1208022;Go³cza * (2);6234;3146;3088
1208032;Koz³ów * (2);4841;2420;2421
1208042;Ksi¹¿ Wielki * (2);5355;2613;2742
1208053;Miechów * (3);20022;9587;10435
1208062;Rac³awice * (2);2507;1273;1234
1208072;S³aboszów * (2);3784;1915;1869
1209013;Dobczyce * (3);14722;7286;7436
1209022;Lubieñ * (2);9719;4809;4910
1209033;Myœlenice * (3);42471;20896;21575
1209042;Pcim * (2);10763;5399;5364
1209052;Raciechowice * (2);6039;3028;3011
1209062;Siepraw * (2);8236;4086;4150
1209073;Su³kowice * (3);14322;7085;7237
1209082;Tokarnia * (2);8478;4345;4133
1209092;Wiœniowa * (2);7047;3506;3541
1210011;Grybów * (1);6261;3030;3231
1210022;Che³miec * (2);26370;13232;13138
1210032;Gródek nad Dunajcem * (2);9103;4604;4499
1210042;Grybów * (2);23831;12028;11803
1210052;Kamionka Wielka * (2);9746;4790;4956
1210062;Korzenna * (2);13855;7045;6810
1210073;Krynica-Zdrój * (3);17111;8252;8859
1210082;£abowa * (2);5606;2866;2740
1210092;£¹cko * (2);15726;7988;7738
1210102;£ososina Dolna * (2);10433;5276;5157
1210113;Muszyna * (3);11683;5727;5956
1210122;Nawojowa * (2);8152;4030;4122
1210133;Piwniczna-Zdrój * (3);10681;5303;5378
1210142;Podegrodzie * (2);12315;6154;6161
1210152;Rytro * (2);3786;1898;1888
1210163;Stary S¹cz * (3);23094;11506;11588
1211011;Nowy Targ * (1);33812;16097;17715
1211023;Szczawnica * (3);7409;3578;3831
1211032;Czarny Dunajec * (2);21884;10722;11162
1211042;Czorsztyn * (2);7375;3608;3767
1211052;Jab³onka * (2);17707;8779;8928
1211062;Kroœcienko nad Dunajcem * (2);6646;3234;3412
1211072;Lipnica Wielka * (2);5907;2926;2981
1211082;£apsze Ni¿ne * (2);9051;4482;4569
1211092;Nowy Targ * (2);23172;11443;11729
1211102;Ochotnica Dolna * (2);8251;4129;4122
1211112;Raba Wy¿na * (2);14306;7140;7166
1211123;Rabka-Zdrój * (3);17527;8408;9119
1211132;Spytkowice * (2);4335;2161;2174
1211142;Szaflary * (2);10600;5313;5287
1212011;Bukowno * (1);10509;5072;5437
1212032;Boles³aw * (2);7905;3852;4053
1212042;Klucze * (2);15265;7476;7789
1212053;Olkusz * (3);50502;24612;25890
1212062;Trzyci¹¿ * (2);7126;3589;3537
1212073;Wolbrom * (3);23525;11502;12023
1213011;Oœwiêcim * (1);40342;19155;21187
1213023;Brzeszcze * (3);21718;10630;11088
1213033;Che³mek * (3);13056;6433;6623
1213043;Kêty * (3);34112;16702;17410
1213052;Osiek * (2);8046;3972;4074
1213062;Oœwiêcim * (2);17512;8607;8905
1213072;Polanka Wielka * (2);4249;2107;2142
1213082;Przeciszów * (2);6754;3333;3421
1213093;Zator * (3);9209;4592;4617
1214012;Koniusza * (2);8781;4406;4375
1214022;Koszyce * (2);5740;2782;2958
1214033;Nowe Brzesko * (3);5789;2871;2918
1214042;Pa³ecznica * (2);3685;1815;1870
1214053;Proszowice * (3);16514;8078;8436
1214062;Radziemice * (2);3469;1734;1735
1215011;Jordanów * (1);5299;2547;2752
1215021;Sucha Beskidzka * (1);9557;4635;4922
1215032;Budzów * (2);8616;4313;4303
1215042;Bystra-Sidzina * (2);6700;3387;3313
1215052;Jordanów * (2);10782;5432;5350
1215063;Maków Podhalañski * (3);16326;8007;8319
1215072;Stryszawa * (2);11807;5802;6005
1215082;Zawoja * (2);9106;4611;4495
1215092;Zembrzyce * (2);5636;2787;2849
1216013;Ciê¿kowice * (3);11211;5635;5576
1216022;Gromnik * (2);8699;4340;4359
1216032;Lisia Góra * (2);14389;7103;7286
1216042;Pleœna * (2);11858;5936;5922
1216053;Rad³ów * (3);9751;4826;4925
1216063;Ryglice * (3);11694;5817;5877
1216072;Rzepiennik Strzy¿ewski * (2);6861;3395;3466
1216082;Skrzyszów * (2);13580;6757;6823
1216092;Tarnów * (2);24342;12003;12339
1216103;Tuchów * (3);18044;8908;9136
1216112;Wierzchos³awice * (2);10588;5178;5410
1216122;Wietrzychowice * (2);4112;2057;2055
1216133;Wojnicz * (3);13220;6558;6662
1216143;Zakliczyn * (3);12354;6199;6155
1216153;¯abno * (3);18996;9273;9723
1216162;Szerzyny * (2);8092;4065;4027
1217011;Zakopane * (1);27857;12928;14929
1217022;Bia³y Dunajec * (2);6989;3411;3578
1217032;Bukowina Tatrzañska * (2);12884;6419;6465
1217042;Koœcielisko * (2);8448;4147;4301
1217052;Poronin * (2);11195;5537;5658
1218013;Andrychów * (3);43859;21467;22392
1218022;BrzeŸnica * (2);9908;4844;5064
1218033;Kalwaria Zebrzydowska * (3);19705;9718;9987
1218042;Lanckorona * (2);6077;2980;3097
1218052;Mucharz * (2);3979;2000;1979
1218062;Spytkowice * (2);10108;4922;5186
1218072;Stryszów * (2);6791;3339;3452
1218082;Tomice * (2);7677;3776;3901
1218093;Wadowice * (3);37992;18378;19614
1218102;Wieprz * (2);11921;6043;5878
1219012;Biskupice * (2);9267;4532;4735
1219022;Gdów * (2);17041;8474;8567
1219032;K³aj * (2);10333;5047;5286
1219043;Niepo³omice * (3);24320;11766;12554
1219053;Wieliczka * (3);53020;25776;27244
1261011;Kraków * (1);757611;353577;404034
1262011;Nowy S¹cz * (1);84290;40339;43951
1263011;Tarnów * (1);114053;53940;60113
1401013;Bia³obrzegi * (3);10429;5157;5272
1401022;Promna * (2);5688;2903;2785
1401032;Radzanów * (2);3946;1986;1960
1401042;Stara B³otnica * (2);5222;2637;2585
1401052;Stromiec * (2);5757;2919;2838
1401063;Wyœmierzyce * (3);2855;1469;1386
1402011;Ciechanów * (1);45481;21756;23725
1402022;Ciechanów * (2);6613;3339;3274
1402033;Glinojeck * (3);8169;4084;4085
1402042;Go³ymin-Oœrodek * (2);4009;2014;1995
1402052;Grudusk * (2);3916;1949;1967
1402062;Ojrzeñ * (2);4369;2254;2115
1402072;Opinogóra Górna * (2);5965;3064;2901
1402082;Regimin * (2);5065;2552;2513
1402092;Soñsk * (2);7984;4033;3951
1403011;Garwolin * (1);16999;8175;8824
1403021;£askarzew * (1);4954;2450;2504
1403032;Borowie * (2);5233;2652;2581
1403042;Garwolin * (2);12572;6217;6355
1403052;Górzno * (2);6304;3154;3150
1403062;£askarzew * (2);5439;2700;2739
1403072;Maciejowice * (2);7307;3765;3542
1403082;Miastków Koœcielny * (2);5048;2558;2490
1403092;Parysów * (2);4115;2071;2044
1403103;Pilawa * (3);10685;5286;5399
1403112;Sobolew * (2);8326;4064;4262
1403122;Trojanów * (2);7582;3748;3834
1403132;Wilga * (2);5352;2667;2685
1403143;¯elechów * (3);8495;4274;4221
1404011;Gostynin * (1);19344;9230;10114
1404022;Gostynin * (2);12207;6103;6104
1404032;Pacyna * (2);3819;1919;1900
1404042;Sanniki * (2);6469;3127;3342
1404052;Szczawin Koœcielny * (2);5168;2560;2608
1405011;Milanówek * (1);16332;7642;8690
1405021;Podkowa Leœna * (1);3952;1849;2103
1405032;Baranów * (2);4966;2484;2482
1405043;Grodzisk Mazowiecki * (3);42178;19950;22228
1405052;Jaktorów * (2);10811;5288;5523
1405062;¯abia Wola * (2);7384;3689;3695
1406012;Belsk Du¿y * (2);6682;3286;3396
1406022;B³êdów * (2);7824;3890;3934
1406032;Chynów * (2);9639;4837;4802
1406042;Goszczyn * (2);2980;1534;1446
1406053;Grójec * (3);24827;12021;12806
1406062;Jasieniec * (2);5421;2715;2706
1406073;Mogielnica * (3);9104;4509;4595
1406083;Nowe Miasto nad Pilic¹ * (3);8336;4060;4276
1406092;Pniewy * (2);4707;2382;2325
1406113;Warka * (3);19041;9352;9689
1407012;Garbatka-Letnisko * (2);5295;2603;2692
1407022;G³owaczów * (2);7500;3866;3634
1407032;Gniewoszów * (2);4146;2004;2142
1407042;Grabów nad Pilic¹ * (2);3927;2032;1895
1407053;Kozienice * (3);30866;15139;15727
1407062;Magnuszew * (2);6741;3450;3291
1407072;Sieciechów * (2);4117;2001;2116
1408011;Legionowo * (1);53526;25469;28057
1408022;Jab³onna * (2);16429;8019;8410
1408032;Nieporêt * (2);12878;6269;6609
1408043;Serock * (3);12878;6341;6537
1408052;Wieliszew * (2);11361;5632;5729
1409012;Chotcza * (2);2543;1267;1276
1409022;Ciepielów * (2);5852;2940;2912
1409033;Lipsko * (3);11639;5750;5889
1409042;Rzeczniów * (2);4681;2365;2316
1409052;Sienno * (2);6201;3109;3092
1409062;Solec nad Wis³¹ * (2);5404;2612;2792
1410012;Huszlew * (2);3021;1523;1498
1410023;£osice * (3);11146;5483;5663
1410032;Olszanka * (2);3131;1593;1538
1410042;Platerów * (2);5218;2654;2564
1410052;Sarnaki * (2);5080;2514;2566
1410062;Stara Kornica * (2);5078;2540;2538
1411011;Maków Mazowiecki * (1);10268;4885;5383
1411022;Czerwonka * (2);2675;1367;1308
1411032;Karniewo * (2);5412;2696;2716
1411042;Krasnosielc * (2);6650;3360;3290
1411052;M³ynarze * (2);1772;916;856
1411062;P³oniawy-Bramura * (2);5819;2947;2872
1411073;Ró¿an * (3);4517;2242;2275
1411082;Rzewnie * (2);2748;1405;1343
1411092;Sypniewo * (2);3501;1807;1694
1411102;Szelków * (2);3804;1920;1884
1412011;Miñsk Mazowiecki * (1);39347;18730;20617
1412042;Ceg³ów * (2);6246;3094;3152
1412052;Dêbe Wielkie * (2);9143;4553;4590
1412062;Dobre * (2);6017;3048;2969
1412073;Halinów * (3);14237;6978;7259
1412082;Jakubów * (2);5050;2538;2512
1412093;Ka³uszyn * (3);6036;3049;2987
1412102;Latowicz * (2);5508;2753;2755
1412112;Miñsk Mazowiecki * (2);13977;6910;7067
1412122;Mrozy * (2);8755;4349;4406
1412132;Siennica * (2);7317;3634;3683
1412142;Stanis³awów * (2);6497;3277;3220
1412151;Sulejówek * (1);19248;9052;10196
1413011;M³awa * (1);30859;14741;16118
1413022;Dzierzgowo * (2);3394;1748;1646
1413032;Lipowiec Koœcielny * (2);5016;2455;2561
1413042;Radzanów * (2);3615;1816;1799
1413052;Strzegowo * (2);7940;4011;3929
1413062;Stupsk * (2);5116;2558;2558
1413072;Szreñsk * (2);4544;2258;2286
1413082;Szyd³owo * (2);4740;2392;2348
1413092;Wieczfnia Koœcielna * (2);4268;2163;2105
1413102;Wiœniewo * (2);5403;2746;2657
1414011;Nowy Dwór Mazowiecki * (1);28156;13506;14650
1414022;Czosnów * (2);9411;4608;4803
1414032;Leoncin * (2);5372;2655;2717
1414043;Nasielsk * (3);19647;9766;9881
1414052;Pomiechówek * (2);8944;4353;4591
1414063;Zakroczym * (3);6254;3074;3180
1415012;Baranowo * (2);6864;3444;3420
1415022;Czarnia * (2);2762;1411;1351
1415032;Czerwin * (2);5188;2622;2566
1415042;Goworowo * (2);8710;4445;4265
1415052;Kadzid³o * (2);11455;5847;5608
1415062;Lelis * (2);8835;4484;4351
1415072;£yse * (2);8390;4256;4134
1415083;Myszyniec * (3);10620;5448;5172
1415092;Olszewo-Borki * (2);10030;5068;4962
1415102;Rzekuñ * (2);9641;4883;4758
1415112;Troszyn * (2);4925;2473;2452
1416011;Ostrów Mazowiecka * (1);22842;10917;11925
1416022;Andrzejewo * (2);4457;2254;2203
1416032;Boguty-Pianki * (2);2846;1466;1380
1416043;Brok * (3);2934;1472;1462
1416052;Ma³kinia Górna * (2);12221;6008;6213
1416062;Nur * (2);3058;1564;1494
1416072;Ostrów Mazowiecka * (2);12930;6526;6404
1416082;Stary Lubotyñ * (2);3957;1991;1966
1416092;Szulborze Wielkie * (2);1828;919;909
1416102;W¹sewo * (2);4558;2291;2267
1416112;Zarêby Koœcielne * (2);3862;1970;1892
1417011;Józefów * (1);19476;9168;10308
1417021;Otwock * (1);44808;21072;23736
1417032;Celestynów * (2);11409;5562;5847
1417043;Karczew * (3);15966;7688;8278
1417052;Ko³biel * (2);8066;3980;4086
1417062;Osieck * (2);3496;1711;1785
1417072;Sobienie-Jeziory * (2);6326;3138;3188
1417082;Wi¹zowna * (2);11036;5431;5605
1418013;Góra Kalwaria * (3);25391;12273;13118
1418023;Konstancin-Jeziorna * (3);24854;11740;13114
1418032;Lesznowola * (2);20791;10097;10694
1418043;Piaseczno * (3);72159;34188;37971
1418052;Pra¿mów * (2);9644;4688;4956
1418063;Tarczyn * (3);11040;5387;5653
1419012;Bielsk * (2);9141;4564;4577
1419022;Bodzanów * (2);8417;4192;4225
1419032;Brudzeñ Du¿y * (2);8124;4104;4020
1419042;Bulkowo * (2);5852;2901;2951
1419053;Drobin * (3);8462;4236;4226
1419063;G¹bin * (3);10975;5329;5646
1419072;£¹ck * (2);5198;2526;2672
1419082;Ma³a Wieœ * (2);6275;3115;3160
1419092;Nowy Duninów * (2);3993;1957;2036
1419102;Radzanowo * (2);8030;3983;4047
1419112;S³ubice * (2);4622;2318;2304
1419122;S³upno * (2);6596;3292;3304
1419132;Stara Bia³a * (2);10986;5525;5461
1419142;StaroŸreby * (2);7580;3791;3789
1419153;Wyszogród * (3);5889;2933;2956
1420011;P³oñsk * (1);22565;10658;11907
1420021;Raci¹¿ * (1);4658;2225;2433
1420032;Baboszewo * (2);8192;4084;4108
1420042;Czerwiñsk nad Wis³¹ * (2);7922;3981;3941
1420052;Dzierz¹¿nia * (2);3894;1966;1928
1420062;Joniec * (2);2610;1254;1356
1420072;Naruszewo * (2);6637;3351;3286
1420082;Nowe Miasto * (2);4813;2448;2365
1420092;P³oñsk * (2);7434;3749;3685
1420102;Raci¹¿ * (2);8843;4532;4311
1420112;Sochocin * (2);5969;2972;2997
1420122;Za³uski * (2);5716;2812;2904
1421011;Piastów * (1);22966;10932;12034
1421021;Pruszków * (1);58144;27278;30866
1421033;Brwinów * (3);23615;11300;12315
1421042;Micha³owice * (2);16756;8074;8682
1421052;Nadarzyn * (2);11728;5621;6107
1421062;Raszyn * (2);21075;10146;10929
1422011;Przasnysz * (1);17438;8388;9050
1422023;Chorzele * (3);10394;5326;5068
1422032;Czernice Borowe * (2);3947;2022;1925
1422042;Jednoro¿ec * (2);7387;3732;3655
1422052;Krasne * (2);3880;1935;1945
1422062;Krzynow³oga Ma³a * (2);3654;1867;1787
1422072;Przasnysz * (2);7431;3741;3690
1423012;Borkowice * (2);4572;2288;2284
1423022;Gielniów * (2);4767;2369;2398
1423032;Klwów * (2);3519;1755;1764
1423042;Odrzywó³ * (2);4067;2102;1965
1423052;Potworów * (2);4325;2177;2148
1423063;Przysucha * (3);12576;6088;6488
1423072;Rusinów * (2);4401;2199;2202
1423082;Wieniawa * (2);5477;2725;2752
1424012;Gzy * (2);3976;2054;1922
1424022;Obryte * (2);4877;2447;2430
1424032;Pokrzywnica * (2);4865;2481;2384
1424043;Pu³tusk * (3);23913;11567;12346
1424052;Œwiercze * (2);4754;2402;2352
1424062;Winnica * (2);4102;2032;2070
1424072;Zatory * (2);4800;2422;2378
1425011;Pionki * (1);19840;9547;10293
1425022;Gózd * (2);8322;4168;4154
1425033;I³¿a * (3);15421;7558;7863
1425042;Jastrzêbia * (2);6675;3391;3284
1425052;Jedliñsk * (2);13920;6942;6978
1425062;Jedlnia-Letnisko * (2);12137;6025;6112
1425072;Kowala * (2);11471;5755;5716
1425082;Pionki * (2);9999;5011;4988
1425092;Przytyk * (2);7225;3659;3566
1425103;Skaryszew * (3);13923;6915;7008
1425112;Wierzbica * (2);10123;5160;4963
1425122;Wolanów * (2);8544;4286;4258
1425132;Zakrzew * (2);12046;6061;5985
1426012;Domanice * (2);2700;1346;1354
1426022;Korczew * (2);2929;1461;1468
1426032;Kotuñ * (2);8578;4267;4311
1426042;Mokobody * (2);5196;2716;2480
1426053;Mordy * (3);6212;3083;3129
1426062;Paprotnia * (2);2769;1459;1310
1426072;Przesmyki * (2);3582;1801;1781
1426082;Siedlce * (2);16824;8360;8464
1426092;Skórzec * (2);7493;3788;3705
1426102;Sucho¿ebry * (2);4765;2436;2329
1426112;Wiœniew * (2);5926;2993;2933
1426122;Wodynie * (2);4695;2406;2289
1426132;Zbuczyn * (2);10137;5043;5094
1427011;Sierpc * (1);18818;8957;9861
1427022;Gozdowo * (2);6115;3077;3038
1427032;Mochowo * (2);6169;3093;3076
1427042;Roœciszewo * (2);4269;2139;2130
1427052;Sierpc * (2);7032;3505;3527
1427062;Szczutowo * (2);4449;2183;2266
1427072;Zawidz * (2);7012;3521;3491
1428011;Sochaczew * (1);38141;18146;19995
1428022;Brochów * (2);4297;2147;2150
1428032;I³ów * (2);6320;3143;3177
1428042;M³odzieszyn * (2);5580;2764;2816
1428052;Nowa Sucha * (2);6286;3084;3202
1428062;Rybno * (2);3463;1711;1752
1428072;Sochaczew * (2);9726;4881;4845
1428082;Teresin * (2);11305;5518;5787
1429011;Soko³ów Podlaski * (1);18796;9022;9774
1429022;Bielany * (2);3806;1939;1867
1429032;Ceranów * (2);2416;1253;1163
1429042;Jab³onna Lacka * (2);4945;2382;2563
1429053;Kosów Lacki * (3);6622;3328;3294
1429062;Repki * (2);5755;2892;2863
1429072;Sabnie * (2);3975;2014;1961
1429082;Soko³ów Podlaski * (2);6112;3116;2996
1429092;Sterdyñ * (2);4464;2219;2245
1430012;Chlewiska * (2);6231;3061;3170
1430022;Jastrz¹b * (2);5243;2574;2669
1430032;Mirów * (2);3907;2029;1878
1430042;Oroñsko * (2);5921;2967;2954
1430053;Szyd³owiec * (3);19527;9683;9844
1432013;B³onie * (3);20794;9903;10891
1432022;Izabelin * (2);10219;4972;5247
1432032;Kampinos * (2);4212;2086;2126
1432042;Leszno * (2);9707;4722;4985
1432053;£omianki * (3);23916;11530;12386
1432063;O¿arów Mazowiecki * (3);21386;10204;11182
1432072;Stare Babice * (2);16980;8261;8719
1433011;Wêgrów * (1);12837;6162;6675
1433022;Grêbków * (2);4605;2355;2250
1433032;Korytnica * (2);6635;3486;3149
1433042;Liw * (2);7627;3870;3757
1433053;£ochów * (3);17949;8885;9064
1433062;Miedzna * (2);4104;2042;2062
1433072;Sadowne * (2);6174;2999;3175
1433082;Stoczek * (2);5271;2667;2604
1433092;Wierzbno * (2);3031;1573;1458
1434011;Koby³ka * (1);19940;9633;10307
1434021;Marki * (1);27066;12914;14152
1434031;Z¹bki * (1);28857;13686;15171
1434041;Zielonka * (1);17394;8181;9213
1434052;D¹brówka * (2);7564;3762;3802
1434062;Jadów * (2);7702;3861;3841
1434072;Klembów * (2);9298;4582;4716
1434082;Poœwiêtne * (2);6014;3049;2965
1434093;Radzymin * (3);22561;11057;11504
1434102;Strachówka * (2);2924;1520;1404
1434113;T³uszcz * (3);19218;9440;9778
1434123;Wo³omin * (3);51109;24327;26782
1435012;Brañszczyk * (2);8495;4231;4264
1435022;D³ugosiod³o * (2);7934;4005;3929
1435032;Rz¹œnik * (2);6948;3529;3419
1435042;Somianka * (2);5560;2813;2747
1435053;Wyszków * (3);38932;19024;19908
1435062;Zabrodzie * (2);5730;2877;2853
1436012;Kazanów * (2);4698;2385;2313
1436022;Policzna * (2);5845;2886;2959
1436032;Przy³êk * (2);6441;3246;3195
1436042;Tczów * (2);4908;2528;2380
1436053;Zwoleñ * (3);15392;7547;7845
1437013;Bie¿uñ * (3);5344;2641;2703
1437022;Kuczbork-Osada * (2);4926;2429;2497
1437032;Lubowidz * (2);7195;3488;3707
1437042;Lutocin * (2);4615;2335;2280
1437052;Siemi¹tkowo * (2);3701;1893;1808
1437063;¯uromin * (3);14770;7240;7530
1438011;¯yrardów * (1);41574;19496;22078
1438023;Mszczonów * (3);11499;5533;5966
1438032;Puszcza Mariañska * (2);8385;4092;4293
1438042;Radziejowice * (2);5191;2527;2664
1438052;Wiskitki * (2);9847;4933;4914
1461011;Ostro³êka * (1);53572;25737;27835
1462011;P³ock * (1);124553;59084;65469
1463011;Radom * (1);221287;105308;115979
1464011;Siedlce * (1);76333;36168;40165
1465011;M.st.Warszawa * (1);1700612;780433;920179
1601011;Brzeg * (1);37438;17771;19667
1601022;Skarbimierz * (2);7596;3820;3776
1601033;Grodków * (3);19847;9741;10106
1601043;Lewin Brzeski * (3);13608;6657;6951
1601052;Lubsza * (2);8998;4520;4478
1601062;Olszanka * (2);5018;2521;2497
1602013;Baborów * (3);6315;3132;3183
1602022;Branice * (2);7115;3454;3661
1602033;G³ubczyce * (3);23482;11441;12041
1602043;Kietrz * (3);11541;5598;5943
1603011;Kêdzierzyn-KoŸle * (1);64153;31008;33145
1603022;Bierawa * (2);7767;3734;4033
1603032;Cisek * (2);6006;2885;3121
1603042;Paw³owiczki * (2);8097;3977;4120
1603052;Polska Cerekiew * (2);4413;2098;2315
1603062;Reñska Wieœ * (2);8265;4001;4264
1604013;Byczyna * (3);9656;4768;4888
1604023;Kluczbork * (3);37148;17925;19223
1604032;Lasowice Wielkie * (2);7069;3423;3646
1604043;Wo³czyn * (3);14167;7030;7137
1605013;Gogolin * (3);12467;6016;6451
1605023;Krapkowice * (3);23706;11475;12231
1605032;Strzeleczki * (2);7574;3631;3943
1605042;Walce * (2);5639;2685;2954
1605053;Zdzieszowice * (3);16486;8184;8302
1606012;Domaszowice * (2);3744;1828;1916
1606023;Namys³ów * (3);25768;12520;13248
1606032;Pokój * (2);5441;2664;2777
1606042;Œwierczów * (2);3576;1777;1799
1606052;Wilków * (2);4654;2327;2327
1607013;G³ucho³azy * (3);25240;12207;13033
1607022;Kamiennik * (2);3720;1851;1869
1607033;Korfantów * (3);9320;4583;4737
1607042;£ambinowice * (2);7882;3899;3983
1607053;Nysa * (3);58665;28191;30474
1607063;Otmuchów * (3);14124;6866;7258
1607073;Paczków * (3);13407;6592;6815
1607082;Pakos³awice * (2);3765;1866;1899
1607092;Skoroszyce * (2);6458;3243;3215
1608013;Dobrodzieñ * (3);10110;4877;5233
1608023;Gorzów Œl¹ski * (3);7404;3641;3763
1608033;Olesno * (3);18166;8691;9475
1608043;Praszka * (3);13945;6869;7076
1608052;Rad³ów * (2);4498;2210;2288
1608062;Rudniki * (2);8343;4094;4249
1608072;Zêbowice * (2);3822;1922;1900
1609012;Chrz¹stowice * (2);6683;3281;3402
1609022;D¹browa * (2);9478;4631;4847
1609032;Dobrzeñ Wielki * (2);14376;6858;7518
1609042;Komprachcice * (2);10964;5266;5698
1609052;£ubniany * (2);9506;4593;4913
1609062;Murów * (2);5628;2731;2897
1609073;Niemodlin * (3);13610;6720;6890
1609083;Ozimek * (3);20184;9843;10341
1609092;Popielów * (2);8263;4037;4226
1609103;Prószków * (3);9819;4695;5124
1609112;Tarnów Opolski * (2);9724;4676;5048
1609122;Tu³owice * (2);5269;2549;2720
1609132;Turawa * (2);9633;4667;4966
1610013;Bia³a * (3);11059;5301;5758
1610023;G³ogówek * (3);13856;6745;7111
1610032;Lubrza * (2);4429;2159;2270
1610043;Prudnik * (3);28493;13542;14951
1611012;Izbicko * (2);5363;2551;2812
1611022;Jemielnica * (2);7189;3555;3634
1611033;Kolonowskie * (3);6081;2936;3145
1611043;Leœnica * (3);8158;3906;4252
1611053;Strzelce Opolskie * (3);31827;15508;16319
1611063;Ujazd * (3);6269;3039;3230
1611073;Zawadzkie * (3);12103;5927;6176
1661011;Opole * (1);122625;57380;65245
1801032;Czarna * (2);2421;1226;1195
1801052;Lutowiska * (2);2161;1109;1052
1801083;Ustrzyki Dolne * (3);17883;8800;9083
1802013;Brzozów * (3);26687;13113;13574
1802022;Domaradz * (2);6161;3105;3056
1802032;Dydnia * (2);8223;4119;4104
1802042;Haczów * (2);9339;4613;4726
1802052;Jasienica Rosielna * (2);7606;3744;3862
1802062;Nozdrzec * (2);8523;4209;4314
1803011;Dêbica * (1);47218;22915;24303
1803023;Brzostek * (3);13178;6589;6589
1803032;Czarna * (2);12751;6338;6413
1803042;Dêbica * (2);24917;12429;12488
1803052;Jod³owa * (2);5472;2795;2677
1803063;Pilzno * (3);17711;8878;8833
1803072;¯yraków * (2);13630;6798;6832
1804011;Jaros³aw * (1);39857;18678;21179
1804021;Radymno * (1);5514;2693;2821
1804032;Ch³opice * (2);5613;2805;2808
1804042;Jaros³aw * (2);12940;6360;6580
1804052;Laszki * (2);7038;3550;3488
1804062;Paw³osiów * (2);8346;4129;4217
1804073;Pruchnik * (3);9834;4867;4967
1804082;Radymno * (2);11507;5747;5760
1804092;Rokietnica * (2);4376;2159;2217
1804102;RoŸwienica * (2);6301;3167;3134
1804112;Wi¹zownica * (2);11454;5646;5808
1805011;Jas³o * (1);37071;17726;19345
1805022;Brzyska * (2);6392;3169;3223
1805032;Dêbowiec * (2);8573;4240;4333
1805042;Jas³o * (2);16233;7963;8270
1805053;Ko³aczyce * (3);9072;4545;4527
1805062;Krempna * (2);2009;1066;943
1805072;Nowy ¯migród * (2);9373;4669;4704
1805082;Osiek Jasielski * (2);5389;2681;2708
1805092;Sko³yszyn * (2);12450;6162;6288
1805112;Tarnowiec * (2);9172;4521;4651
1806012;Cmolas * (2);8058;4078;3980
1806023;Kolbuszowa * (3);25118;12275;12843
1806032;Majdan Królewski * (2);9930;5002;4928
1806042;Niwiska * (2);6007;2999;3008
1806052;Rani¿ów * (2);7204;3718;3486
1806062;Dzikowiec * (2);6516;3299;3217
1807012;Chorkówka * (2);13477;6581;6896
1807023;Dukla * (3);14855;7270;7585
1807033;Iwonicz-Zdrój * (3);10919;5459;5460
1807043;Jedlicze * (3);15469;7576;7893
1807052;Korczyna * (2);11003;5380;5623
1807062;Kroœcienko Wy¿ne * (2);5426;2669;2757
1807072;Miejsce Piastowe * (2);13554;6579;6975
1807083;Rymanów * (3);15682;7684;7998
1807092;Wojaszówka * (2);9196;4504;4692
1807102;Jaœliska * (2);2100;1037;1063
1808011;Le¿ajsk * (1);14512;6946;7566
1808022;Grodzisko Dolne * (2);8118;4058;4060
1808032;Kury³ówka * (2);5724;2906;2818
1808042;Le¿ajsk * (2);19990;9941;10049
1808053;Nowa Sarzyna * (3);21808;10801;11007
1809011;Lubaczów * (1);12573;6045;6528
1809023;Cieszanów * (3);7608;3816;3792
1809032;Horyniec-Zdrój * (2);5008;2488;2520
1809042;Lubaczów * (2);9178;4624;4554
1809053;Narol * (3);8429;4363;4066
1809063;Oleszyce * (3);6579;3302;3277
1809072;Stary Dzików * (2);4442;2247;2195
1809082;Wielkie Oczy * (2);3944;1950;1994
1810011;£añcut * (1);18184;8666;9518
1810022;Bia³obrzegi * (2);8334;4126;4208
1810032;Czarna * (2);11111;5369;5742
1810042;£añcut * (2);21003;10342;10661
1810052;Markowa * (2);6639;3282;3357
1810062;Rakszawa * (2);7246;3598;3648
1810072;¯o³ynia * (2);6856;3373;3483
1811011;Mielec * (1);61549;29716;31833
1811022;Borowa * (2);5622;2840;2782
1811032;Czermin * (2);6978;3500;3478
1811042;Gaw³uszowice * (2);2836;1392;1444
1811052;Mielec * (2);12806;6394;6412
1811062;Padew Narodowa * (2);5424;2707;2717
1811073;Przec³aw * (3);11436;5648;5788
1811083;Radomyœl Wielki * (3);14039;7026;7013
1811092;Tuszów Narodowy * (2);7802;3922;3880
1811102;Wadowice Górne * (2);7488;3775;3713
1812012;Harasiuki * (2);6338;3160;3178
1812022;Jarocin * (2);5483;2717;2766
1812032;Je¿owe * (2);10095;5080;5015
1812042;Krzeszów * (2);4328;2137;2191
1812053;Nisko * (3);22596;11056;11540
1812063;Rudnik nad Sanem * (3);10283;5034;5249
1812073;Ulanów * (3);8689;4355;4334
1813012;Bircza * (2);6719;3442;3277
1813022;Dubiecko * (2);9546;4764;4782
1813032;Fredropol * (2);5580;2835;2745
1813042;Krasiczyn * (2);4954;2478;2476
1813052;Krzywcza * (2);4933;2531;2402
1813062;Medyka * (2);6387;3179;3208
1813072;Or³y * (2);8680;4350;4330
1813082;Przemyœl * (2);9911;4969;4942
1813092;Stubno * (2);4091;2036;2055
1813102;¯urawica * (2);12828;6386;6442
1814011;Przeworsk * (1);15971;7607;8364
1814022;Adamówka * (2);4205;2098;2107
1814032;Gaæ * (2);4657;2309;2348
1814042;Jawornik Polski * (2);4667;2302;2365
1814053;Kañczuga * (3);12635;6219;6416
1814062;Przeworsk * (2);14739;7226;7513
1814073;Sieniawa * (3);7009;3528;3481
1814082;Tryñcza * (2);8351;4204;4147
1814092;Zarzecze * (2);7168;3533;3635
1815012;Iwierzyce * (2);7527;3748;3779
1815022;Ostrów * (2);7063;3507;3556
1815033;Ropczyce * (3);26741;13209;13532
1815043;Sêdziszów Ma³opolski * (3);23228;11319;11909
1815052;Wielopole Skrzyñskie * (2);8442;4207;4235
1816011;Dynów * (1);6228;3058;3170
1816023;B³a¿owa * (3);10766;5331;5435
1816033;Boguchwa³a * (3);18929;9232;9697
1816042;Chmielnik * (2);6668;3309;3359
1816052;Dynów * (2);7146;3603;3543
1816063;G³ogów Ma³opolski * (3);18627;9232;9395
1816072;Hy¿ne * (2);6971;3449;3522
1816082;Kamieñ * (2);6990;3519;3471
1816092;Krasne * (2);10294;5030;5264
1816102;Lubenia * (2);6524;3206;3318
1816113;Soko³ów Ma³opolski * (3);16925;8329;8596
1816122;Œwilcza * (2);15923;7852;8071
1816132;Trzebownisko * (2);19972;9709;10263
1816143;Tyczyn * (3);11041;5446;5595
1817011;Sanok * (1);39511;18884;20627
1817022;Besko * (2);4392;2169;2223
1817032;Bukowsko * (2);5458;2732;2726
1817042;Komañcza * (2);5121;2596;2525
1817052;Sanok * (2);17463;8778;8685
1817062;Tyrawa Wo³oska * (2);1983;1005;978
1817073;Zagórz * (3);12996;6469;6527
1817082;Zarszyn * (2);9325;4530;4795
1818011;Stalowa Wola * (1);65182;31426;33756
1818022;Bojanów * (2);7405;3777;3628
1818032;Pysznica * (2);10177;5034;5143
1818042;Radomyœl nad Sanem * (2);7418;3682;3736
1818052;Zaklików * (2);8731;4293;4438
1818062;Zaleszany * (2);10847;5392;5455
1819012;Czudec * (2);11750;5853;5897
1819022;Frysztak * (2);10565;5275;5290
1819032;Niebylec * (2);10694;5194;5500
1819043;Strzy¿ów * (3);20905;10301;10604
1819052;Wiœniowa * (2);8446;4193;4253
1820013;Baranów Sandomierski * (3);12196;6046;6150
1820022;Gorzyce * (2);13636;6750;6886
1820032;Grêbów * (2);9793;4889;4904
1820043;Nowa Dêba * (3);18667;9091;9576
1821012;Baligród * (2);3209;1604;1605
1821022;Cisna * (2);1732;890;842
1821033;Lesko * (3);11643;5673;5970
1821042;Olszanica * (2);5038;2537;2501
1821052;Solina * (2);5302;2666;2636
1861011;Krosno * (1);47471;22457;25014
1862011;Przemyœl * (1);65000;30470;34530
1863011;Rzeszów * (1);179386;84763;94623
1864011;Tarnobrzeg * (1);48821;23483;25338
2001011;Augustów * (1);30802;14556;16246
2001022;Augustów * (2);6879;3545;3334
2001032;Barg³ów Koœcielny * (2);5809;2903;2906
2001043;Lipsk * (3);5591;2793;2798
2001052;Nowinka * (2);2960;1504;1456
2001062;P³aska * (2);2573;1311;1262
2001072;Sztabin * (2);5430;2797;2633
2002013;Choroszcz * (3);14022;6998;7024
2002023;Czarna Bia³ostocka * (3);11862;5764;6098
2002032;Dobrzyniewo Du¿e * (2);8496;4242;4254
2002042;Gródek * (2);5696;2759;2937
2002052;Juchnowiec Koœcielny * (2);14618;7275;7343
2002063;£apy * (3);22755;11093;11662
2002073;Micha³owo * (3);7250;3612;3638
2002082;Poœwiêtne * (2);3715;1896;1819
2002093;Supraœl * (3);13746;6683;7063
2002103;Sura¿ * (3);2068;1015;1053
2002112;Turoœñ Koœcielna * (2);5729;2876;2853
2002123;Tykocin * (3);6464;3167;3297
2002133;Wasilków * (3);14413;6972;7441
2002143;Zab³udów * (3);9047;4532;4515
2002152;Zawady * (2);2950;1524;1426
2003011;Bielsk Podlaski * (1);26679;12832;13847
2003021;Brañsk * (1);3914;1940;1974
2003032;Bielsk Podlaski * (2);7185;3601;3584
2003042;Boæki * (2);4800;2455;2345
2003052;Brañsk * (2);6307;3254;3053
2003062;Orla * (2);3107;1489;1618
2003072;Rudka * (2);2044;1027;1017
2003082;Wyszki * (2);4777;2434;2343
2004011;Grajewo * (1);22521;10934;11587
2004022;Grajewo * (2);6069;3108;2961
2004032;Radzi³ów * (2);5070;2561;2509
2004043;Rajgród * (3);5526;2793;2733
2004053;Szczuczyn * (3);6502;3284;3218
2004062;W¹sosz * (2);3971;2012;1959
2005011;Hajnówka * (1);22274;10605;11669
2005022;Bia³owie¿a * (2);2301;1137;1164
2005032;Czeremcha * (2);3514;1721;1793
2005042;Czy¿e * (2);2361;1156;1205
2005052;Dubicze Cerkiewne * (2);1792;890;902
2005062;Hajnówka * (2);4076;2011;2065
2005073;Kleszczele * (3);2814;1387;1427
2005082;Narew * (2);3937;1944;1993
2005092;Narewka * (2);3898;1964;1934
2006011;Kolno * (1);10738;5256;5482
2006022;Grabowo * (2);3669;1854;1815
2006032;Kolno * (2);8884;4447;4437
2006042;Ma³y P³ock * (2);5066;2549;2517
2006053;Stawiski * (3);6570;3284;3286
2006062;Turoœl * (2);5197;2752;2445
2007013;Jedwabne * (3);5666;2853;2813
2007022;£om¿a * (2);10663;5390;5273
2007032;Miastkowo * (2);4368;2208;2160
2007043;Nowogród * (3);4144;2052;2092
2007052;Pi¹tnica * (2);10755;5440;5315
2007062;Przytu³y * (2);2197;1085;1112
2007072;Œniadowo * (2);5619;2852;2767
2007082;Wizna * (2);4365;2194;2171
2007092;Zbójna * (2);4424;2268;2156
2008013;Goni¹dz * (3);5216;2586;2630
2008022;Jasionówka * (2);2997;1499;1498
2008032;Jaœwi³y * (2);5456;2805;2651
2008043;Knyszyn * (3);4987;2484;2503
2008052;Krypno * (2);4116;2058;2058
2008063;Moñki * (3);15554;7648;7906
2008072;Trzcianne * (2);4625;2372;2253
2009011;Sejny * (1);5709;2713;2996
2009022;Giby * (2);2923;1458;1465
2009032;Krasnopol * (2);3985;2051;1934
2009042;Puñsk * (2);4366;2186;2180
2009052;Sejny * (2);4156;2152;2004
2010011;Siemiatycze * (1);15034;7185;7849
2010023;Drohiczyn * (3);6840;3430;3410
2010032;Dziadkowice * (2);3012;1530;1482
2010042;Grodzisk * (2);4634;2366;2268
2010052;Mielnik * (2);2594;1238;1356
2010062;Milejczyce * (2);2106;980;1126
2010072;Nurzec-Stacja * (2);4361;2144;2217
2010082;Perlejewo * (2);3082;1552;1530
2010092;Siemiatycze * (2);6404;3238;3166
2011013;D¹browa Bia³ostocka * (3);12578;6247;6331
2011022;Janów * (2);4447;2203;2244
2011032;Korycin * (2);3488;1754;1734
2011043;Krynki * (3);3358;1645;1713
2011052;KuŸnica * (2);4313;2163;2150
2011062;Nowy Dwór * (2);2877;1435;1442
2011072;Sidra * (2);3748;1903;1845
2011083;Sokó³ka * (3);26698;13039;13659
2011093;Suchowola * (3);7323;3621;3702
2011102;Szudzia³owo * (2);3290;1663;1627
2012012;Baka³arzewo * (2);3099;1602;1497
2012022;Filipów * (2);4600;2384;2216
2012032;Jeleniewo * (2);3162;1645;1517
2012042;Przeroœl * (2);3074;1569;1505
2012052;Raczki * (2);6131;3109;3022
2012062;Rutka-Tartak * (2);2471;1253;1218
2012072;Suwa³ki * (2);7182;3642;3540
2012082;Szypliszki * (2);3989;2029;1960
2012092;Wi¿ajny * (2);2499;1260;1239
2013011;Wysokie Mazowieckie * (1);9516;4596;4920
2013023;Ciechanowiec * (3);9269;4686;4583
2013033;Czy¿ew * (3);6612;3347;3265
2013042;Klukowo * (2);4620;2403;2217
2013052;Kobylin-Borzymy * (2);3493;1813;1680
2013062;Kulesze Koœcielne * (2);3301;1670;1631
2013072;Nowe Piekuty * (2);4112;2088;2024
2013082;Soko³y * (2);5980;2999;2981
2013093;Szepietowo * (3);7378;3730;3648
2013102;Wysokie Mazowieckie * (2);5380;2732;2648
2014011;Zambrów * (1);22812;10963;11849
2014022;Ko³aki Koœcielne * (2);2431;1241;1190
2014032;Rutki * (2);5983;3070;2913
2014042;Szumowo * (2);4988;2542;2446
2014052;Zambrów * (2);8927;4549;4378
2061011;Bia³ystok * (1);293998;138120;155878
2062011;£om¿a * (1);63203;30368;32835
2063011;Suwa³ki * (1);69239;33228;36011
2201012;Borzytuchom * (2);2954;1502;1452
2201023;Bytów * (3);24829;12168;12661
2201032;Czarna D¹brówka * (2);5756;2924;2832
2201042;Ko³czyg³owy * (2);4278;2147;2131
2201052;Lipnica * (2);5070;2610;2460
2201063;Miastko * (3);20211;10055;10156
2201072;Parchowo * (2);3571;1773;1798
2201082;Studzienice * (2);3525;1785;1740
2201092;Trzebielino * (2);3790;1892;1898
2201102;Tuchomie * (2);4160;2133;2027
2202011;Chojnice * (1);40452;19540;20912
2202023;Brusy * (3);13971;6983;6988
2202032;Chojnice * (2);17460;8820;8640
2202043;Czersk * (3);21445;10685;10760
2202052;Konarzyny * (2);2277;1151;1126
2203011;Cz³uchów * (1);14628;7030;7598
2203023;Czarne * (3);9432;4632;4800
2203032;Cz³uchów * (2);10592;5416;5176
2203043;Debrzno * (3);9364;4621;4743
2203052;Kocza³a * (2);3563;1768;1795
2203062;Przechlewo * (2);6324;3175;3149
2203072;Rzeczenica * (2);3725;1830;1895
2204011;Pruszcz Gdañski * (1);27787;13277;14510
2204022;Cedry Wielkie * (2);6738;3337;3401
2204032;Kolbudy * (2);14356;7051;7305
2204042;Pruszcz Gdañski * (2);21412;10616;10796
2204052;Przywidz * (2);5622;2909;2713
2204062;Pszczó³ki * (2);8478;4212;4266
2204072;Suchy D¹b * (2);4124;2124;2000
2204082;Tr¹bki Wielkie * (2);10483;5265;5218
2205012;Chmielno * (2);7058;3571;3487
2205023;Kartuzy * (3);32631;16058;16573
2205032;Przodkowo * (2);7887;3988;3899
2205042;Sierakowice * (2);17988;9107;8881
2205052;Somonino * (2);9819;5035;4784
2205062;Stê¿yca * (2);9576;4863;4713
2205072;Sulêczyno * (2);5118;2590;2528
2205083;¯ukowo * (3);29877;14920;14957
2206011;Koœcierzyna * (1);23765;11602;12163
2206022;Dziemiany * (2);4200;2070;2130
2206032;Karsin * (2);6159;3079;3080
2206042;Koœcierzyna * (2);14898;7570;7328
2206052;Liniewo * (2);4625;2343;2282
2206062;Lipusz * (2);3571;1848;1723
2206072;Nowa Karczma * (2);6659;3351;3308
2206082;Stara Kiszewa * (2);6597;3426;3171
2207011;Kwidzyn * (1);38632;18739;19893
2207022;Gardeja * (2);8478;4332;4146
2207032;Kwidzyn * (2);10988;5599;5389
2207043;Prabuty * (3);13458;6699;6759
2207052;Ryjewo * (2);5952;3095;2857
2207062;Sadlinki * (2);5869;2890;2979
2208011;Lêbork * (1);35789;17352;18437
2208021;£eba * (1);3903;1887;2016
2208032;Cewice * (2);7330;3720;3610
2208042;Nowa Wieœ Lêborska * (2);13211;6726;6485
2208052;Wicko * (2);5910;2970;2940
2209011;Malbork * (1);39387;18979;20408
2209032;Lichnowy * (2);4817;2427;2390
2209042;Malbork * (2);4505;2287;2218
2209062;Mi³oradz * (2);3398;1704;1694
2209073;Nowy Staw * (3);7994;3969;4025
2209082;Stare Pole * (2);4726;2357;2369
2210011;Krynica Morska * (1);1363;655;708
2210023;Nowy Dwór Gdañski * (3);18289;8986;9303
2210032;Ostaszewo * (2);3285;1689;1596
2210042;Stegna * (2);9925;4967;4958
2210052;Sztutowo * (2);3659;1833;1826
2211011;Hel * (1);3916;1968;1948
2211021;Jastarnia * (1);3970;1924;2046
2211031;Puck * (1);11549;5594;5955
2211041;W³adys³awowo * (1);15296;7512;7784
2211052;Kosakowo * (2);10223;5097;5126
2211062;Krokowa * (2);10470;5321;5149
2211072;Puck * (2);23923;12029;11894
2212011;Ustka * (1);16560;7983;8577
2212022;Damnica * (2);6264;3177;3087
2212032;Dêbnica Kaszubska * (2);9823;4930;4893
2212042;G³ówczyce * (2);9623;4902;4721
2212053;Kêpice * (3);9569;4936;4633
2212062;Kobylnica * (2);10643;5382;5261
2212072;Potêgowo * (2);7184;3635;3549
2212082;S³upsk * (2);15533;7798;7735
2212092;Smo³dzino * (2);3455;1734;1721
2212102;Ustka * (2);7994;4070;3924
2213011;Czarna Woda * (1);3312;1626;1686
2213021;Skórcz * (1);3589;1773;1816
2213031;Starogard Gdañski * (1);49191;23725;25466
2213042;Bobowo * (2);3038;1542;1496
2213052;Kaliska * (2);5238;2607;2631
2213062;Lubichowo * (2);6148;3079;3069
2213072;Osieczna * (2);2942;1486;1456
2213082;Osiek * (2);2466;1252;1214
2213093;Skarszewy * (3);14561;7226;7335
2213102;Skórcz * (2);4653;2386;2267
2213112;Smêtowo Graniczne * (2);5356;2646;2710
2213122;Starogard Gdañski * (2);14849;7476;7373
2213132;Zblewo * (2);11215;5559;5656
2214011;Tczew * (1);60889;29347;31542
2214023;Gniew * (3);16059;8016;8043
2214032;Morzeszczyn * (2);3763;1924;1839
2214043;Pelplin * (3);16702;8348;8354
2214052;Subkowy * (2);5387;2748;2639
2214062;Tczew * (2);12840;6503;6337
2215011;Reda * (1);21579;10648;10931
2215021;Rumia * (1);46714;22814;23900
2215031;Wejherowo * (1);49922;24088;25834
2215042;Choczewo * (2);5718;2947;2771
2215052;Gniewino * (2);7143;3775;3368
2215062;Linia * (2);5980;3016;2964
2215072;Luzino * (2);14253;7184;7069
2215082;£êczyce * (2);11751;5914;5837
2215092;Szemud * (2);15067;7699;7368
2215102;Wejherowo * (2);21437;10746;10691
2216013;Dzierzgoñ * (3);9647;4840;4807
2216022;Miko³ajki Pomorskie * (2);3774;1931;1843
2216032;Stary Dzierzgoñ * (2);4183;2098;2085
2216042;Stary Targ * (2);6488;3281;3207
2216053;Sztum * (3);18666;9162;9504
2261011;Gdañsk * (1);460276;218254;242022
2262011;Gdynia * (1);249138;118549;130589
2263011;S³upsk * (1);95882;45262;50620
2264011;Sopot * (1);38690;17901;20789
2401011;Bêdzin * (1);59068;28154;30914
2401021;CzeladŸ * (1);33745;16056;17689
2401031;Wojkowice * (1);9233;4388;4845
2401042;Bobrowniki * (2);11648;5496;6152
2401052;Mierzêcice * (2);7538;3684;3854
2401062;Psary * (2);11583;5538;6045
2401073;Siewierz * (3);12230;5908;6322
2401081;S³awków * (1);7088;3403;3685
2402011;Szczyrk * (1);5801;2773;3028
2402022;Bestwina * (2);10844;5331;5513
2402032;Buczkowice * (2);10908;5356;5552
2402043;Czechowice-Dziedzice * (3);44252;21422;22830
2402052;Jasienica * (2);22127;10889;11238
2402062;Jaworze * (2);6786;3334;3452
2402072;Kozy * (2);12271;5862;6409
2402082;Por¹bka * (2);15295;7494;7801
2402093;Wilamowice * (3);16096;7921;8175
2402102;Wilkowice * (2);12947;6193;6754
2403011;Cieszyn * (1);36248;16865;19383
2403021;Ustroñ * (1);15956;7542;8414
2403031;Wis³a * (1);11335;5486;5849
2403042;Brenna * (2);10801;5316;5485
2403052;Chybie * (2);9398;4616;4782
2403062;Dêbowiec * (2);5609;2788;2821
2403072;Goleszów * (2);12669;6122;6547
2403082;Ha¿lach * (2);10386;5102;5284
2403092;Istebna * (2);11759;5883;5876
2403103;Skoczów * (3);26453;12685;13768
2403113;Strumieñ * (3);12486;6219;6267
2403122;Zebrzydowice * (2);12962;6330;6632
2404013;Blachownia * (3);13332;6324;7008
2404022;D¹browa Zielona * (2);4056;1989;2067
2404032;Janów * (2);5975;2994;2981
2404042;Kamienica Polska * (2);5577;2710;2867
2404052;K³omnice * (2);13810;6693;7117
2404063;Koniecpol * (3);10173;5056;5117
2404072;Konopiska * (2);10610;5150;5460
2404082;Kruszyna * (2);4928;2441;2487
2404092;Lelów * (2);5071;2545;2526
2404102;Mstów * (2);10568;5226;5342
2404112;Mykanów * (2);14557;7247;7310
2404122;Olsztyn * (2);7869;3905;3964
2404132;Poczesna * (2);12782;6240;6542
2404142;Przyrów * (2);3972;1990;1982
2404152;Rêdziny * (2);10013;4908;5105
2404162;Starcza * (2);2791;1361;1430
2405011;Knurów * (1);39595;19421;20174
2405021;Pyskowice * (1);18770;9014;9756
2405032;Giera³towice * (2);11074;5335;5739
2405042;Pilchowice * (2);11003;5381;5622
2405052;Rudziniec * (2);10581;5171;5410
2405063;Soœnicowice * (3);8533;4078;4455
2405073;Toszek * (3);9541;4676;4865
2405082;Wielowieœ * (2);5933;2851;3082
2406013;K³obuck * (3);20681;10025;10656
2406023;Krzepice * (3);9397;4643;4754
2406032;Lipie * (2);6474;3203;3271
2406042;MiedŸno * (2);7593;3734;3859
2406052;Opatów * (2);6887;3407;3480
2406062;Panki * (2);5112;2527;2585
2406072;Popów * (2);6060;3024;3036
2406082;Przystajñ * (2);6002;2979;3023
2406092;Wrêczyca Wielka * (2);17508;8663;8845
2407011;Lubliniec * (1);24394;11969;12425
2407022;Boronów * (2);3334;1658;1676
2407032;Ciasna * (2);7821;3845;3976
2407042;Herby * (2);6973;3463;3510
2407052;Kochanowice * (2);6752;3289;3463
2407062;Koszêcin * (2);11745;5778;5967
2407072;Pawonków * (2);6544;3258;3286
2407083;WoŸniki * (3);9652;4789;4863
2408011;£aziska Górne * (1);22279;10794;11485
2408021;Miko³ów * (1);39505;19077;20428
2408031;Orzesze * (1);19539;9666;9873
2408042;Ornontowice * (2);5733;2841;2892
2408052;Wyry * (2);7149;3514;3635
2409011;Myszków * (1);32817;15760;17057
2409023;Kozieg³owy * (3);14353;6975;7378
2409032;Niegowa * (2);5747;2879;2868
2409042;Poraj * (2);10866;5236;5630
2409053;¯arki * (3);8301;4065;4236
2410012;Gocza³kowice-Zdrój * (2);6566;3174;3392
2410022;Kobiór * (2);4884;2445;2439
2410032;MiedŸna * (2);16053;8089;7964
2410042;Paw³owice * (2);17918;8893;9025
2410053;Pszczyna * (3);50875;24688;26187
2410062;Suszec * (2);11519;5686;5833
2411011;Racibórz * (1);56289;26825;29464
2411022;Kornowac * (2);4940;2426;2514
2411033;Krzanowice * (3);5944;2902;3042
2411042;Krzy¿anowice * (2);11433;5501;5932
2411053;KuŸnia Raciborska * (3);12081;6045;6036
2411062;Nêdza * (2);7231;3509;3722
2411072;Pietrowice Wielkie * (2);7022;3340;3682
2411082;Rudnik * (2);5159;2494;2665
2412013;Czerwionka-Leszczyny * (3);41929;20614;21315
2412022;Gaszowice * (2);9104;4488;4616
2412032;Jejkowice * (2);3936;1979;1957
2412042;Lyski * (2);9456;4628;4828
2412052;Œwierklany * (2);11669;5730;5939
2413011;Kalety * (1);8676;4237;4439
2413021;Miasteczko Œl¹skie * (1);7524;3660;3864
2413031;Radzionków * (1);17203;8341;8862
2413041;Tarnowskie Góry * (1);60847;29288;31559
2413052;Krupski M³yn * (2);3369;1655;1714
2413062;O¿arowice * (2);5532;2698;2834
2413072;Œwierklaniec * (2);11408;5562;5846
2413082;Tworóg * (2);8046;3972;4074
2413092;Zbros³awice * (2);15654;7816;7838
2414011;Bieruñ * (1);19876;9862;10014
2414021;Imielin * (1);8322;4087;4235
2414031;Lêdziny * (1);16426;8177;8249
2414042;Bojszowy * (2);7048;3469;3579
2414052;Che³m Œl¹ski * (2);6023;2883;3140
2415011;Pszów * (1);14418;7076;7342
2415021;Radlin * (1);18105;8751;9354
2415031;Rydu³towy * (1);22070;10663;11407
2415041;Wodzis³aw Œl¹ski * (1);49346;23807;25539
2415052;Godów * (2);13073;6403;6670
2415062;Gorzyce * (2);20428;10104;10324
2415072;Lubomia * (2);8086;3916;4170
2415082;Marklowice * (2);5365;2641;2724
2415092;Mszana * (2);7302;3640;3662
2416011;Porêba * (1);8861;4209;4652
2416021;Zawiercie * (1);52091;24726;27365
2416032;Irz¹dze * (2);2811;1399;1412
2416042;Kroczyce * (2);6315;3176;3139
2416053;£azy * (3);16207;7883;8324
2416063;Ogrodzieniec * (3);9453;4594;4859
2416073;Pilica * (3);8992;4494;4498
2416083;Szczekociny * (3);8192;4035;4157
2416092;W³odowice * (2);5271;2586;2685
2416102;¯arnowiec * (2);4828;2421;2407
2417011;¯ywiec * (1);32449;15609;16840
2417022;Czernichów * (2);6695;3240;3455
2417032;Gilowice * (2);5976;2918;3058
2417042;Jeleœnia * (2);13587;6769;6818
2417052;Koszarawa * (2);2468;1229;1239
2417062;Lipowa * (2);10163;4918;5245
2417072;£êkawica * (2);4426;2182;2244
2417082;£odygowice * (2);13665;6673;6992
2417092;Milówka * (2);10108;4962;5146
2417102;Radziechowy-Wieprz * (2);12886;6316;6570
2417112;Rajcza * (2);9232;4511;4721
2417122;Œlemieñ * (2);3463;1693;1770
2417132;Œwinna * (2);8039;3924;4115
2417142;Ujso³y * (2);4733;2379;2354
2417152;Wêgierska Górka * (2);15042;7473;7569
2461011;Bielsko-Bia³a * (1);174534;82307;92227
2462011;Bytom * (1);176902;84981;91921
2463011;Chorzów * (1);111693;53230;58463
2464011;Czêstochowa * (1);236796;111364;125432
2465011;D¹browa Górnicza * (1);125905;60668;65237
2466011;Gliwice * (1);187475;90417;97058
2467011;Jastrzêbie-Zdrój * (1);92465;45462;47003
2468011;Jaworzno * (1);94732;46038;48694
2469011;Katowice * (1);310764;147833;162931
2470011;Mys³owice * (1);75446;36654;38792
2471011;Piekary Œl¹skie * (1);57917;27835;30082
2472011;Ruda Œl¹ska * (1);142510;69229;73281
2473011;Rybnik * (1);140924;68847;72077
2474011;Siemianowice Œl¹skie * (1);70169;33632;36537
2475011;Sosnowiec * (1);216421;102827;113594
2476011;Œwiêtoch³owice * (1);53150;25601;27549
2477011;Tychy * (1);129378;62650;66728
2478011;Zabrze * (1);181128;87656;93472
2479011;¯ory * (1);62095;30581;31514
2601013;Busko-Zdrój * (3);32995;15806;17189
2601022;Gnojno * (2);4624;2377;2247
2601032;Nowy Korczyn * (2);6389;3161;3228
2601042;Pacanów * (2);7829;3793;4036
2601052;Solec-Zdrój * (2);5120;2518;2602
2601062;Stopnica * (2);7936;3926;4010
2601072;Tuczêpy * (2);3840;1915;1925
2601082;Wiœlica * (2);5779;2843;2936
2602012;Imielno * (2);4485;2229;2256
2602023;Jêdrzejów * (3);29120;14134;14986
2602033;Ma³ogoszcz * (3);11807;5930;5877
2602042;Nag³owice * (2);5220;2610;2610
2602052;Oksa * (2);4794;2406;2388
2602063;Sêdziszów * (3);12997;6441;6556
2602072;S³upia * (2);4408;2192;2216
2602082;Sobków * (2);8442;4267;4175
2602092;Wodzis³aw * (2);7478;3728;3750
2603012;Bejsce * (2);4324;2093;2231
2603022;Czarnocin * (2);4059;2028;2031
2603033;Kazimierza Wielka * (3);16960;8265;8695
2603042;Opatowiec * (2);3517;1749;1768
2603053;Skalbmierz * (3);6879;3432;3447
2604012;Bieliny * (2);10110;5048;5062
2604023;Bodzentyn * (3);11799;5888;5911
2604033;Chêciny * (3);15085;7472;7613
2604043;Chmielnik * (3);11550;5800;5750
2604053;Daleszyce * (3);15459;7718;7741
2604062;Górno * (2);13527;6739;6788
2604072;£agów * (2);6999;3592;3407
2604082;£opuszno * (2);9056;4556;4500
2604092;Mas³ów * (2);10328;5216;5112
2604102;Miedziana Góra * (2);10706;5251;5455
2604112;Mniów * (2);9391;4615;4776
2604122;Morawica * (2);14702;7404;7298
2604132;Nowa S³upia * (2);9784;4859;4925
2604142;Piekoszów * (2);15861;7832;8029
2604152;Pierzchnica * (2);4805;2417;2388
2604162;Raków * (2);5848;2985;2863
2604172;Sitkówka-Nowiny * (2);7439;3659;3780
2604182;Strawczyn * (2);10181;5099;5082
2604192;Zagnañsk * (2);12870;6333;6537
2605012;Fa³ków * (2);4766;2397;2369
2605022;Gowarczów * (2);4736;2380;2356
2605033;Koñskie * (3);37018;18001;19017
2605042;Radoszyce * (2);9257;4680;4577
2605052;Ruda Maleniecka * (2);3294;1633;1661
2605062;S³upia (Konecka) * (2);3519;1848;1671
2605072;Smyków * (2);3767;1906;1861
2605083;St¹porków * (3);18171;8890;9281
2606012;Baækowice * (2);5119;2607;2512
2606022;Iwaniska * (2);6987;3562;3425
2606032;Lipnik * (2);5676;2812;2864
2606043;Opatów * (3);12450;5973;6477
2606053;O¿arów * (3);11300;5584;5716
2606062;Sadowie * (2);4196;2045;2151
2606072;Tar³ów * (2);5581;2723;2858
2606082;Wojciechowice * (2);4352;2190;2162
2607011;Ostrowiec Œwiêtokrzyski * (1);73677;35044;38633
2607022;Ba³tów * (2);3820;1889;1931
2607032;Bodzechów * (2);13725;6712;7013
2607043;Æmielów * (3);7812;3785;4027
2607053;Kunów * (3);10117;4996;5121
2607062;Waœniów * (2);7126;3575;3551
2608013;Dzia³oszyce * (3);5357;2672;2685
2608022;Kije * (2);4526;2244;2282
2608032;Micha³ów * (2);4830;2454;2376
2608043;Piñczów * (3);21813;10727;11086
2608052;Z³ota * (2);4785;2335;2450
2609011;Sandomierz * (1);24894;11639;13255
2609022;Dwikozy * (2);9129;4458;4671
2609032;Klimontów * (2);8583;4315;4268
2609043;Koprzywnica * (3);7016;3470;3546
2609052;£oniów * (2);7507;3797;3710
2609062;Obrazów * (2);6694;3277;3417
2609072;Samborzec * (2);8812;4399;4413
2609082;Wilczyce * (2);3851;1957;1894
2609093;Zawichost * (3);4706;2307;2399
2610011;Skar¿ysko-Kamienna * (1);48580;23154;25426
2610022;Bli¿yn * (2);8521;4185;4336
2610032;£¹czna * (2);5337;2656;2681
2610042;Skar¿ysko Koœcielne * (2);6291;3081;3210
2610053;Suchedniów * (3);10741;5237;5504
2611011;Starachowice * (1);52359;24985;27374
2611022;Brody * (2);11165;5435;5730
2611032;Mirzec * (2);8445;4246;4199
2611042;Paw³ów * (2);15320;7715;7605
2611053;W¹chock * (3);7167;3483;3684
2612012;Bogoria * (2);7975;3961;4014
2612022;£ubnice * (2);4358;2137;2221
2612032;Oleœnica * (2);3970;1984;1986
2612043;Osiek * (3);7872;3982;3890
2612053;Po³aniec * (3);12084;5995;6089
2612062;Rytwiany * (2);6440;3196;3244
2612073;Staszów * (3);26749;13134;13615
2612082;Szyd³ów * (2);4841;2455;2386
2613012;Kluczewsko * (2);5280;2681;2599
2613022;Krasocin * (2);10837;5498;5339
2613032;Moskorzew * (2);2803;1430;1373
2613042;Radków * (2);2575;1283;1292
2613052;Secemin * (2);4997;2481;2516
2613063;W³oszczowa * (3);20347;9967;10380
2661011;Kielce * (1);202196;95509;106687
2801011;Bartoszyce * (1);25022;11872;13150
2801021;Górowo I³aweckie * (1);4424;2187;2237
2801032;Bartoszyce * (2);11045;5598;5447
2801043;Bisztynek * (3);6829;3359;3470
2801052;Górowo I³aweckie * (2);7189;3606;3583
2801063;Sêpopol * (3);6779;3386;3393
2802011;Braniewo * (1);17778;8681;9097
2802022;Braniewo * (2);6379;3263;3116
2802033;Frombork * (3);3758;1846;1912
2802042;Lelkowo * (2);3086;1517;1569
2802053;Pieniê¿no * (3);6746;3507;3239
2802062;P³oskinia * (2);2653;1321;1332
2802072;Wilczêta * (2);3144;1599;1545
2803011;Dzia³dowo * (1);21619;10433;11186
2803022;Dzia³dowo * (2);9777;4927;4850
2803032;I³owo-Osada * (2);7369;3570;3799
2803043;Lidzbark * (3);14739;7291;7448
2803052;P³oœnica * (2);5950;2979;2971
2803062;Rybno * (2);7372;3690;3682
2804012;Elbl¹g * (2);7150;3652;3498
2804022;Godkowo * (2);3328;1668;1660
2804032;Gronowo Elbl¹skie * (2);5173;2567;2606
2804042;Markusy * (2);4219;2139;2080
2804052;Milejewo * (2);3200;1604;1596
2804063;M³ynary * (3);4634;2296;2338
2804073;Pas³êk * (3);19672;9636;10036
2804082;Rychliki * (2);4112;2085;2027
2804093;Tolkmicko * (3);6838;3391;3447
2805011;E³k * (1);59044;28468;30576
2805022;E³k * (2);10930;5574;5356
2805032;Kalinowo * (2);7052;3619;3433
2805042;Prostki * (2);7552;3836;3716
2805052;Stare Juchy * (2);3974;2037;1937
2806011;Gi¿ycko * (1);30178;14324;15854
2806042;Gi¿ycko * (2);8028;4052;3976
2806052;Kruklanki * (2);3139;1594;1545
2806062;Mi³ki * (2);3919;2005;1914
2806083;Ryn * (3);5888;2970;2918
2806102;Wydminy * (2);6637;3349;3288
2807011;I³awa * (1);33321;15983;17338
2807021;Lubawa * (1);9951;4833;5118
2807032;I³awa * (2);12612;6385;6227
2807043;Kisielice * (3);6217;3163;3054
2807052;Lubawa * (2);10572;5384;5188
2807063;Susz * (3);13126;6641;6485
2807073;Zalewo * (3);7116;3585;3531
2808011;Kêtrzyn * (1);28466;13619;14847
2808022;Barciany * (2);6781;3445;3336
2808032;Kêtrzyn * (2);8439;4300;4139
2808043;Korsze * (3);10613;5291;5322
2808053;Reszel * (3);8219;4017;4202
2808062;Srokowo * (2);4118;2090;2028
2809011;Lidzbark Warmiñski * (1);16639;7978;8661
2809022;Kiwity * (2);3429;1767;1662
2809032;Lidzbark Warmiñski * (2);6803;3485;3318
2809042;Lubomino * (2);3652;1882;1770
2809053;Orneta * (3);12659;6186;6473
2810011;Mr¹gowo * (1);22323;10748;11575
2810023;Miko³ajki * (3);8566;4232;4334
2810032;Mr¹gowo * (2);7866;3926;3940
2810042;Piecki * (2);7928;3973;3955
2810052;Sorkwity * (2);4746;2368;2378
2811012;Janowiec Koœcielny * (2);3421;1761;1660
2811022;Janowo * (2);2897;1435;1462
2811032;Koz³owo * (2);6334;3238;3096
2811043;Nidzica * (3);21712;10705;11007
2812011;Nowe Miasto Lubawskie * (1);11166;5296;5870
2812022;Biskupiec * (2);9647;4884;4763
2812032;Grodziczno * (2);6402;3236;3166
2812042;Kurzêtnik * (2);9013;4491;4522
2812052;Nowe Miasto Lubawskie * (2);8044;4035;4009
2813032;Kowale Oleckie * (2);5436;2808;2628
2813043;Olecko * (3);22163;10821;11342
2813052;Œwiêtajno * (2);3994;2055;1939
2813062;Wieliczki * (2);3474;1785;1689
2814013;Barczewo * (3);17083;8519;8564
2814023;Biskupiec * (3);19309;9398;9911
2814033;Dobre Miasto * (3);16199;7933;8266
2814042;Dywity * (2);10453;5163;5290
2814052;Gietrzwa³d * (2);6019;3067;2952
2814063;Jeziorany * (3);8075;3965;4110
2814072;Jonkowo * (2);6634;3360;3274
2814082;Kolno * (2);3422;1714;1708
2814093;Olsztynek * (3);13947;6887;7060
2814102;Purda * (2);8157;4083;4074
2814112;Stawiguda * (2);6440;3175;3265
2814122;Œwi¹tki * (2);4224;2159;2065
2815011;Ostróda * (1);34060;16187;17873
2815022;D¹brówno * (2);4523;2358;2165
2815032;Grunwald * (2);5837;2991;2846
2815042;£ukta * (2);4496;2287;2209
2815052;Ma³dyty * (2);6522;3274;3248
2815063;Mi³akowo * (3);5814;2915;2899
2815073;Mi³om³yn * (3);5102;2542;2560
2815083;Mor¹g * (3);25245;12492;12753
2815092;Ostróda * (2);15834;8013;7821
2816013;Bia³a Piska * (3);12399;6322;6077
2816023;Orzysz * (3);9600;4845;4755
2816033;Pisz * (3);27957;13903;14054
2816043;Ruciane-Nida * (3);8548;4231;4317
2817011;Szczytno * (1);25254;12084;13170
2817022;DŸwierzuty * (2);6818;3426;3392
2817032;Jedwabno * (2);3700;1863;1837
2817043;Pasym * (3);5391;2701;2690
2817052;Rozogi * (2);5816;2991;2825
2817062;Szczytno * (2);11706;5909;5797
2817072;Œwiêtajno * (2);6116;3084;3032
2817082;Wielbark * (2);6564;3390;3174
2818012;Banie Mazurskie * (2);3967;1989;1978
2818022;Dubeninki * (2);3132;1544;1588
2818033;Go³dap * (3);20466;10194;10272
2819012;Budry * (2);3003;1546;1457
2819022;Pozezdrze * (2);3441;1729;1712
2819033;Wêgorzewo * (3);17371;8720;8651
2861011;Elbl¹g * (1);124668;59724;64944
2862011;Olsztyn * (1);174645;81462;93183
3001011;Chodzie¿ * (1);19715;9358;10357
3001022;Budzyñ * (2);8405;4253;4152
3001032;Chodzie¿ * (2);5741;2906;2835
3001043;Margonin * (3);6426;3237;3189
3001053;Szamocin * (3);7550;3778;3772
3002011;Czarnków * (1);11543;5632;5911
3002022;Czarnków * (2);11054;5579;5475
3002032;Drawsko * (2);6015;3025;2990
3002043;Krzy¿ Wielkopolski * (3);8824;4340;4484
3002052;Lubasz * (2);7337;3696;3641
3002062;Po³ajewo * (2);6254;3167;3087
3002073;Trzcianka * (3);24490;12041;12449
3002083;Wieleñ * (3);12787;6298;6489
3003011;Gniezno * (1);70322;33832;36490
3003023;Czerniejewo * (3);7172;3655;3517
3003032;Gniezno * (2);9833;4931;4902
3003042;Kiszkowo * (2);5352;2733;2619
3003053;K³ecko * (3);7580;3754;3826
3003062;£ubowo * (2);5952;2964;2988
3003072;Mieleszyn * (2);4061;1981;2080
3003082;Niechanowo * (2);5594;2793;2801
3003093;Trzemeszno * (3);14366;7200;7166
3003103;Witkowo * (3);13721;6833;6888
3004013;Borek Wielkopolski * (3);7659;3825;3834
3004023;Gostyñ * (3);27914;13618;14296
3004033;Krobia * (3);13010;6482;6528
3004042;Pêpowo * (2);6017;3037;2980
3004052;Piaski * (2);8502;4209;4293
3004063;Pogorzela * (3);5162;2569;2593
3004073;Poniec * (3);7975;3929;4046
3005012;Granowo * (2);5019;2518;2501
3005023;Grodzisk Wielkopolski * (3);19241;9497;9744
3005032;Kamieniec * (2);6491;3257;3234
3005043;Rakoniewice * (3);12833;6426;6407
3005053;Wielichowo * (3);6848;3429;3419
3006012;Jaraczewo * (2);8368;4066;4302
3006023;Jarocin * (3);45330;21984;23346
3006032;Kotlin * (2);7193;3581;3612
3006043;¯erków * (3);10538;5284;5254
3007012;Blizanów * (2);9626;4689;4937
3007022;Brzeziny * (2);5840;2877;2963
3007032;Ceków-Kolonia * (2);4775;2364;2411
3007042;Godziesze Wielkie * (2);8887;4429;4458
3007052;KoŸminek * (2);7525;3746;3779
3007062;Lisków * (2);5412;2614;2798
3007072;Mycielin * (2);4890;2450;2440
3007082;Opatówek * (2);10690;5247;5443
3007093;Stawiszyn * (3);7298;3520;3778
3007102;Szczytniki * (2);7960;3952;4008
3007112;¯elazków * (2);9217;4516;4701
3008012;Baranów * (2);7734;3857;3877
3008022;Bralin * (2);5945;3009;2936
3008033;Kêpno * (3);24801;12087;12714
3008042;£êka Opatowska * (2);5325;2693;2632
3008052;Perzów * (2);3848;1927;1921
3008062;Rychtal * (2);3955;1993;1962
3008072;Trzcinica * (2);4829;2404;2425
3009011;Ko³o * (1);23360;11003;12357
3009022;Babiak * (2);8036;4014;4022
3009032;Chodów * (2);3392;1686;1706
3009043;D¹bie * (3);6601;3294;3307
3009052;Grzegorzew * (2);5678;2773;2905
3009063;K³odawa * (3);13448;6616;6832
3009072;Ko³o * (2);7437;3755;3682
3009082;Koœcielec * (2);6607;3328;3279
3009092;Olszówka * (2);4696;2332;2364
3009102;Osiek Ma³y * (2);5957;2961;2996
3009113;Przedecz * (3);4337;2148;2189
3010013;Golina * (3);11774;5866;5908
3010022;Grodziec * (2);5267;2623;2644
3010032;Kazimierz Biskupi * (2);11072;5511;5561
3010043;Kleczew * (3);9967;4885;5082
3010052;Kramsk * (2);10586;5242;5344
3010062;Krzymów * (2);7438;3633;3805
3010073;Rychwa³ * (3);8363;4119;4244
3010082;Rzgów * (2);7062;3495;3567
3010092;Skulsk * (2);6258;3141;3117
3010103;Sompolno * (3);10553;5232;5321
3010112;Stare Miasto * (2);11238;5627;5611
3010123;Œlesin * (3);13828;6861;6967
3010132;Wierzbinek * (2);7654;3872;3782
3010142;Wilczyn * (2);6402;3177;3225
3011011;Koœcian * (1);24194;11574;12620
3011023;Czempiñ * (3);11392;5572;5820
3011032;Koœcian * (2);15537;7772;7765
3011043;Krzywiñ * (3);10059;4985;5074
3011053;Œmigiel * (3);17624;8764;8860
3012011;Sulmierzyce * (1);2876;1435;1441
3012023;Kobylin * (3);8146;4098;4048
3012033;KoŸmin Wielkopolski * (3);13662;6689;6973
3012043;Krotoszyn * (3);40799;19851;20948
3012052;Rozdra¿ew * (2);5180;2571;2609
3012063;Zduny * (3);7277;3630;3647
3013012;Krzemieniewo * (2);8421;4245;4176
3013022;Lipno * (2);6769;3388;3381
3013033;Osieczna * (3);8880;4397;4483
3013043;Rydzyna * (3);8449;4230;4219
3013052;Œwiêciechowa * (2);7466;3716;3750
3013062;Wijewo * (2);3707;1889;1818
3013072;W³oszakowice * (2);8915;4390;4525
3014012;Chrzypsko Wielkie * (2);3382;1687;1695
3014022;Kwilcz * (2);6261;3130;3131
3014033;Miêdzychód * (3);18623;9210;9413
3014043;Sieraków * (3);8797;4344;4453
3015012;Kuœlin * (2);5625;2824;2801
3015023;Lwówek * (3);9337;4631;4706
3015032;Miedzichowo * (2);3685;1823;1862
3015043;Nowy Tomyœl * (3);25245;12242;13003
3015053;Opalenica * (3);16047;7908;8139
3015063;Zb¹szyñ * (3);13565;6590;6975
3016013;Oborniki * (3);32844;16194;16650
3016023;RogoŸno * (3);18140;9102;9038
3016032;Ryczywó³ * (2);7369;3682;3687
3017011;Ostrów Wielkopolski * (1);72810;34878;37932
3017023;Nowe Skalmierzyce * (3);15198;7503;7695
3017033;Odolanów * (3);14258;7125;7133
3017042;Ostrów Wielkopolski * (2);18545;9160;9385
3017052;Przygodzice * (2);11854;5907;5947
3017063;Raszków * (3);11693;5857;5836
3017072;Sieroszewice * (2);9680;4863;4817
3017082;Soœnie * (2);6579;3333;3246
3018012;Czajków * (2);2540;1277;1263
3018022;Doruchów * (2);5228;2650;2578
3018033;Grabów nad Prosn¹ * (3);7836;3818;4018
3018042;Kobyla Góra * (2);6064;3101;2963
3018052;Kraszewice * (2);3651;1811;1840
3018063;Mikstat * (3);6175;3103;3072
3018073;Ostrzeszów * (3);23901;11599;12302
3019011;Pi³a * (1);74775;35874;38901
3019022;Bia³oœliwie * (2);4989;2504;2485
3019032;Kaczory * (2);7775;3871;3904
3019043;£ob¿enica * (3);9893;5060;4833
3019052;Miasteczko Krajeñskie * (2);3265;1619;1646
3019062;Szyd³owo * (2);8437;4241;4196
3019073;Ujœcie * (3);8153;4106;4047
3019083;Wyrzysk * (3);14307;6980;7327
3019093;Wysoka * (3);6861;3478;3383
3020012;Chocz * (2);4772;2395;2377
3020022;Czermin * (2);4882;2496;2386
3020032;Dobrzyca * (2);8340;4129;4211
3020042;Giza³ki * (2);4671;2339;2332
3020052;Go³uchów * (2);10248;5098;5150
3020063;Pleszew * (3);30302;14968;15334
3021011;Luboñ * (1);29832;14169;15663
3021021;Puszczykowo * (1);9756;4582;5174
3021033;Buk * (3);12230;5934;6296
3021042;Czerwonak * (2);26053;12735;13318
3021052;Dopiewo * (2);18581;9139;9442
3021062;Kleszczewo * (2);6230;3045;3185
3021072;Komorniki * (2);20013;9763;10250
3021083;Kostrzyn * (3);17117;8417;8700
3021093;Kórnik * (3);21092;10368;10724
3021103;Mosina * (3);27934;13606;14328
3021113;Murowana Goœlina * (3);16433;8146;8287
3021123;Pobiedziska * (3);18176;8940;9236
3021132;Rokietnica * (2);12746;6232;6514
3021143;Stêszew * (3);14484;7161;7323
3021152;Suchy Las * (2);14952;7311;7641
3021163;Swarzêdz * (3);44659;21746;22913
3021172;Tarnowo Podgórne * (2);21827;10593;11234
3022013;Bojanowo * (3);8949;4486;4463
3022023;Jutrosin * (3);7108;3575;3533
3022033;Miejska Górka * (3);9414;4722;4692
3022042;Pakos³aw * (2);4749;2451;2298
3022053;Rawicz * (3);30180;14531;15649
3023011;S³upca * (1);14256;6894;7362
3023022;L¹dek * (2);5702;2899;2803
3023032;Orchowo * (2);3939;1949;1990
3023042;Ostrowite * (2);5120;2592;2528
3023052;Powidz * (2);2182;1112;1070
3023062;S³upca * (2);9344;4613;4731
3023072;Strza³kowo * (2);10090;5118;4972
3023083;Zagórów * (3);9172;4590;4582
3024011;Obrzycko * (1);2359;1157;1202
3024022;Duszniki * (2);8485;4237;4248
3024032;KaŸmierz * (2);7662;3790;3872
3024042;Obrzycko * (2);4378;2211;2167
3024053;Ostroróg * (3);4958;2451;2507
3024063;Pniewy * (3);12436;6028;6408
3024073;Szamotu³y * (3);29358;14209;15149
3024083;Wronki * (3);18973;9328;9645
3025012;Dominowo * (2);2932;1462;1470
3025022;Krzykosy * (2);6721;3329;3392
3025032;Nowe Miasto nad Wart¹ * (2);9131;4568;4563
3025043;Œroda Wielkopolska * (3);30897;15121;15776
3025052;Zaniemyœl * (2);6529;3179;3350
3026012;Brodnica * (2);4902;2471;2431
3026023;Dolsk * (3);5860;2941;2919
3026033;Ksi¹¿ Wielkopolski * (3);8521;4297;4224
3026043;Œrem * (3);41082;19997;21085
3027011;Turek * (1);29059;13803;15256
3027022;Brudzew * (2);6029;2962;3067
3027033;Dobra * (3);6367;3159;3208
3027042;Kawêczyn * (2);5231;2623;2608
3027052;Malanów * (2);6526;3242;3284
3027062;Przykona * (2);4321;2134;2187
3027073;Tuliszków * (3);10593;5290;5303
3027082;Turek * (2);8494;4275;4219
3027092;W³adys³awów * (2);8091;4045;4046
3028011;W¹growiec * (1);25327;12272;13055
3028022;Damas³awek * (2);5626;2751;2875
3028033;Go³añcz * (3);8518;4316;4202
3028042;Mieœcisko * (2);6047;3020;3027
3028053;Skoki * (3);9073;4570;4503
3028062;Wapno * (2);3116;1535;1581
3028072;W¹growiec * (2);11737;6024;5713
3029012;Przemêt * (2);13802;6909;6893
3029022;Siedlec * (2);12394;6117;6277
3029033;Wolsztyn * (3);30268;14887;15381
3030012;Ko³aczkowo * (2);6113;3026;3087
3030023;Mi³os³aw * (3);10399;5141;5258
3030033;Nekla * (3);7082;3506;3576
3030043;Pyzdry * (3);7285;3599;3686
3030053;Wrzeœnia * (3);45214;21971;23243
3031011;Z³otów * (1);18760;9002;9758
3031023;Jastrowie * (3);11791;5852;5939
3031033;Krajenka * (3);7501;3711;3790
3031042;Lipka * (2);5661;2862;2799
3031053;Okonek * (3);9024;4516;4508
3031062;Tarnówka * (2);3133;1597;1536
3031072;Zakrzewo * (2);4922;2503;2419
3031082;Z³otów * (2);9479;4833;4646
3061011;Kalisz * (1);105386;49062;56324
3062011;Konin * (1);78525;37400;41125
3063011;Leszno * (1);64630;30863;33767
3064011;Poznañ * (1);554696;258451;296245
3201011;Bia³ogard * (1);24919;11893;13026
3201022;Bia³ogard * (2);8022;4098;3924
3201033;Karlino * (3);9418;4697;4721
3201043;Tychowo * (3);7049;3565;3484
3202012;Bierzwnik * (2);4891;2503;2388
3202023;Choszczno * (3);22515;11033;11482
3202033;Drawno * (3);5353;2709;2644
3202042;Krzêcin * (2);3879;1967;1912
3202053;Pe³czyce * (3);8112;4108;4004
3202063;Recz * (3);5795;2907;2888
3203013;Czaplinek * (3);12007;5911;6096
3203023;Drawsko Pomorskie * (3);16814;8242;8572
3203033;Kalisz Pomorski * (3);7317;3604;3713
3203042;Ostrowice * (2);2633;1349;1284
3203052;Wierzchowo * (2);4428;2264;2164
3203063;Z³ocieniec * (3);15733;7648;8085
3204023;Goleniów * (3);34967;17125;17842
3204033;Maszewo * (3);8625;4332;4293
3204043;Nowogard * (3);24964;12299;12665
3204052;Osina * (2);2971;1463;1508
3204062;Przybiernów * (2);5271;2692;2579
3204072;Stepnica * (2);4924;2434;2490
3205012;Brojce * (2);3837;1996;1841
3205023;Gryfice * (3);24087;11734;12353
3205032;Karnice * (2);4210;2078;2132
3205043;P³oty * (3);9263;4547;4716
3205072;Rewal * (2);3745;1819;1926
3205083;Trzebiatów * (3);16808;8497;8311
3206012;Banie * (2);6599;3357;3242
3206023;Cedynia * (3);4478;2237;2241
3206033;Chojna * (3);14077;6905;7172
3206043;Gryfino * (3);32138;15897;16241
3206053;Mieszkowice * (3);7477;3777;3700
3206063;Moryñ * (3);4433;2164;2269
3206072;Stare Czarnowo * (2);3850;2007;1843
3206083;Trzciñsko-Zdrój * (3);5683;2860;2823
3206092;Widuchowa * (2);5611;2801;2810
3207013;Dziwnów * (3);4125;2025;2100
3207023;Golczewo * (3);6075;3056;3019
3207033;Kamieñ Pomorski * (3);14690;7153;7537
3207043;Miêdzyzdroje * (3);6731;3207;3524
3207052;Œwierzno * (2);4358;2161;2197
3207063;Wolin * (3);12533;6226;6307
3208011;Ko³obrzeg * (1);47129;22277;24852
3208022;Dygowo * (2);5573;2746;2827
3208033;Goœcino * (3);5212;2605;2607
3208042;Ko³obrzeg * (2);10015;4928;5087
3208052;Rymañ * (2);4139;2072;2067
3208062;Siemyœl * (2);3671;1854;1817
3208072;Ustronie Morskie * (2);3639;1749;1890
3209012;Bêdzino * (2);8477;4234;4243
3209022;Biesiekierz * (2);6040;3015;3025
3209033;Bobolice * (3);9801;4984;4817
3209042;Manowo * (2);6762;3373;3389
3209052;Mielno * (2);5104;2489;2615
3209063;Polanów * (3);9190;4637;4553
3209073;Sianów * (3);13656;6752;6904
3209082;Œwieszyno * (2);6410;3170;3240
3210013;Barlinek * (3);19833;9798;10035
3210022;Boleszkowice * (2);2921;1484;1437
3210033;Dêbno * (3);21087;10383;10704
3210043;Myœlibórz * (3);20848;10254;10594
3210052;Nowogródek Pomorski * (2);3411;1738;1673
3211012;Dobra (Szczeciñska) * (2);16778;8242;8536
3211022;Ko³baskowo * (2);10809;5283;5526
3211033;Nowe Warpno * (3);1703;842;861
3211043;Police * (3);42057;20796;21261
3212012;Bielice * (2);3143;1586;1557
3212022;Kozielice * (2);2622;1352;1270
3212033;Lipiany * (3);6187;3098;3089
3212042;Przelewice * (2);5410;2756;2654
3212053;Pyrzyce * (3);19888;9852;10036
3212062;Warnice * (2);3597;1818;1779
3213011;Dar³owo * (1);14442;7013;7429
3213021;S³awno * (1);13163;6261;6902
3213032;Dar³owo * (2);7928;4014;3914
3213042;Malechowo * (2);6622;3321;3301
3213052;Postomino * (2);7068;3509;3559
3213062;S³awno * (2);8904;4521;4383
3214011;Stargard Szczeciñski * (1);69966;33706;36260
3214023;Chociwel * (3);6105;3060;3045
3214033;Dobrzany * (3);5122;2596;2526
3214042;Dolice * (2);8161;4124;4037
3214053;Iñsko * (3);3596;1811;1785
3214062;Kobylanka * (2);4475;2221;2254
3214082;Marianowo * (2);3222;1581;1641
3214092;Stara D¹browa * (2);3662;1863;1799
3214102;Stargard Szczeciñski * (2);12231;6174;6057
3214113;Suchañ * (3);4360;2173;2187
3215011;Szczecinek * (1);40787;19420;21367
3215023;Barwice * (3);8994;4473;4521
3215033;Bia³y Bór * (3);5424;2737;2687
3215043;Borne Sulinowo * (3);9754;4822;4932
3215052;Grzmi¹ca * (2);5094;2582;2512
3215062;Szczecinek * (2);9511;4788;4723
3216011;Œwidwin * (1);15931;7712;8219
3216022;Brze¿no * (2);2910;1469;1441
3216033;Po³czyn-Zdrój * (3);16166;7903;8263
3216042;R¹bino * (2);3892;2038;1854
3216052;S³awoborze * (2);4278;2145;2133
3216062;Œwidwin * (2);6166;3140;3026
3217011;Wa³cz * (1);26435;12621;13814
3217023;Cz³opa * (3);5134;2545;2589
3217033;Miros³awiec * (3);5691;2819;2872
3217043;Tuczno * (3);5107;2554;2553
3217052;Wa³cz * (2);12715;6349;6366
3218013;Dobra * (3);4537;2259;2278
3218023;£obez * (3);14518;7092;7426
3218032;Radowo Ma³e * (2);3741;1866;1875
3218043;Resko * (3);8375;4167;4208
3218053;Wêgorzyno * (3);7312;3706;3606
3261011;Koszalin * (1);109248;51639;57609
3262011;Szczecin * (1);410131;195303;214828
3263011;Œwinoujœcie * (1);41480;20069;21411
